
000007D0 0000027F 
0000027F 00000000 00000000 00000000 00000000 
00000000 00000000 00000000 00000000 00000000 
00000000 00000000 00000000 00000000 00000000 
00000000 00000000 00000000 00000000 00000000 
00000000 00000000 00000000 00000000 00000000 
00000000 00000000 00000000 00000000 00000000 
00000000 00000000 00000000 00000000 00000000 
00000000 00000000 00000000 00000000 00000000 
00000000 00000000 00000000 00000000 00000000 
00000000 00000000 00000000 00000000 00000000 
00000000 00000000 00000000 00000000 00000000 
00000000 00000000 00000000 00000000 00000000 
00000000 00000000 00000000 00000000 00000000 
00000000 00000000 00000000 00000000 00000000 
00000000 00000000 00000000 00000000 00000000 
00000000 00000000 00000000 00000000 00000000 
00000000 00000000 00000000 00000000 00000000 
00000000 00000000 00000000 00000000 00000000 
00000000 00000000 00000000 00000000 00000000 
00000000 00000000 00000000 00000000 00000000 
00000000 00000000 00000000 00000000 00000000 
00000000 00000000 00000000 00000000 00000000 
00000000 00000000 00000000 00000000 00000000 
00000000 00000000 00000000 00000000 00000000 
00000000 00000000 00000000 00000000 00000000 
00000000 00000000 00000000 00000000 00000000 
00000000 00000000 00000000 00000000 00000000 
00000000 00000000 00000000 00000000 00000000 
00000000 00000000 00000000 00000000 00000000 
00000000 00000000 00000000 00000000 00000000 
00000000 00000000 00000000 00000000 00000000 
00000000 00000000 00000000 00000000 00000000 
00000000 00000000 00000000 00000000 00000000 
00000000 00000000 00000000 00000000 00000000 
00000000 00000000 00000000 00000000 00000000 
00000000 00000000 00000000 00000000 00000000 
00000000 00000000 00000000 00000000 00000000 
00000000 00000000 00000000 00000000 00000000 
00000000 00000000 00000000 00000000 00000000 
00000000 00000000 00000000 00000000 00000000 
00000000 00000000 00000000 00000000 00000000 
00000000 00000000 00000000 00000000 00000000 
00000000 00000000 00000000 00000000 00000000 
00000000 00000000 00000000 00000000 00000000 
00000000 00000000 00000000 00000000 00000000 
00000000 00000000 00000000 00000000 00000000 
00000000 00000000 00000000 00000000 00000000 
00000000 00000000 00000000 00000000 00000000 
00000000 00000000 00000000 00000000 00000000 
00000000 00000000 00000000 00000000 00000000 
00000000 00000000 00000000 00000000 00000000 
00000000 00000000 00000000 00000000 00000000 
00000000 00000000 00000000 00000000 00000000 
00000000 00000000 00000000 00000000 00000000 
00000000 00000000 00000000 00000000 00000000 
00000000 00000000 00000000 00000000 00000000 
00000000 00000000 00000000 00000000 00000000 
00000000 00000000 00000000 00000000 00000000 
00000000 00000000 00000000 00000000 00000000 
00000000 00000000 00000000 00000000 00000000 
00000000 00000000 00000000 00000000 00000000 
00000000 00000000 00000000 00000000 00000000 
00000000 00000000 00000000 00000000 00000000 
00000000 00000000 00000000 00000000 00000000 
00000000 00000000 00000000 00000000 00000000 
00000000 00000000 00000000 00000000 00000000 
00000000 00000000 00000000 00000000 00000000 
00000000 00000000 00000000 00000000 00000000 
00000000 00000000 00000000 00000000 00000000 
00000000 00000000 00000000 00000000 00000000 
00000000 00000000 00000000 00000000 00000000 
00000000 00000000 00000000 00000000 00000000 
00000000 00000000 00000000 00000000 00000000 
00000000 00000000 00000000 00000000 00000000 
00000000 00000000 00000000 00000000 00000000 
00000000 00000000 00000000 00000000 00000000 
00000000 00000000 00000000 00000000 00000000 
00000000 00000000 00000000 00000000 00000000 
00000000 00000000 00000000 00000000 00000000 
00000000 00000000 00000000 00000000 00000000 
00000000 00000000 00000000 00000000 00000000 
00000000 00000000 00000000 00000000 00000000 
00000000 00000000 00000000 00000000 00000000 
00000000 00000000 00000000 00000000 00000000 
00000000 00000000 00000000 00000000 00000000 
00000000 00000000 00000000 00000000 00000000 
00000000 00000000 00000000 00000000 00000000 
00000000 00000000 00000000 00000000 00000000 
00000000 00000000 00000000 00000000 00000000 
00000000 00000000 00000000 00000000 00000000 
00000000 00000000 00000000 00000000 00000000 
00000000 00000000 00000000 00000000 00000000 
00000000 00000000 00000000 00000000 00000000 
00000000 00000000 00000000 00000000 00000000 
00000000 00000000 00000000 00000000 00000000 
00000000 00000000 00000000 00000000 00000000 
00000000 00000000 00000000 00000000 00000000 
00000000 00000000 00000000 00000000 00000000 
00000000 00000000 00000000 00000000 00000000 
00000000 00000000 00000000 00000000 00000000 
00000000 00000000 00000000 00000000 00000000 
00000000 00000000 00000000 00000000 00000000 
00000000 00000000 00000000 00000000 00000004 
00000000 626D754E 6F207265 6C652066 6E656D65 
69207374 3344206E 25203D20 00000A64 0000DFDF 
72617473 00202074 0061CB3A FF619202 3A94B503 
010061C0 01FF6192 B53A94B5 60928060 3A94B5AF 
924060AC 94B57F60 2060A33A B52F6092 609A3A94 
1B609210 913A94B5 0B609218 893A94B5 B5179214 
12823A94 94B51392 9211AB3B 1094B511 FF61A839 
490CA703 3B031B0C A25BA7A2 B8104623 7BFF107B 
0000DFDF 20797274 00202020 84161E84 A65884F1 
A455B584 CD868F3B 83B5AB85 EC3E8407 FF1003BA 
0000007B 0000DFDF 20303170 00202020 150CA883 
BA04CF0C 7BFF1003 0000DFDF 20203970 00202020 
0CA9A883 04B60C18 FF1003BA 0000007B 0000DFDF 
20203870 00202020 AA83A984 990C170C 1003BA05 
00007BFF 0000DFDF 20203770 00202020 A9588483 
150CAAB5 BA05560D 7BFF1003 0000DFDF 20203670 
00202020 AA83A984 490D170C 1003BA05 00007BFF 
0000DFDF 20203570 00202020 A9588483 150CAA84 
BA053A0D 7BFF1003 0000DFDF 20203470 00202020 
AA83A984 2D0D170C 1003BA05 00007BFF 0000DFDF 
20203370 00202020 A9588483 1F0D170C 1003BA05 
00007BFF 0000DFDF 20203270 00202020 150CA883 
BA04120D 7BFF1003 0000DFDF 20203170 00202020 
B8F7065B FF1003BA FE26007B FE2AFE28 0000FED0 
00000000 00000001 0000083C 00000046 
000007D1 00000001 
00000808 
