c The job "sato -A32 -K5 -C631 -m200 -o" started at Wed Apr 23 13:01:18 1997
( 2 -15 -17 -21 -29 )
( 7 8 -13 -14 30 )
( -4 -15 16 20 29 )
( 1 -10 15 19 22 )
( -1 -3 8 -19 -30 )
( 7 -13 14 -16 -23 )
( 13 16 -17 -27 -32 )
( -2 9 -21 -27 32 )
( -4 16 -23 29 30 )
( 1 -2 -20 -26 27 )
( 1 -16 23 -25 29 )
( -4 -7 13 28 -32 )
( -5 -8 10 13 -25 )
( -4 11 -17 -21 -22 )
( 1 15 27 -31 32 )
( -2 4 13 -21 31 )
( -9 -12 15 26 32 )
( -3 -7 -26 -29 32 )
( 3 12 14 18 -30 )
( -3 4 -12 20 29 )
( 2 5 -6 18 25 )
( 9 11 21 29 -31 )
( -3 -12 20 25 -29 )
( -4 -11 16 -18 29 )
( 6 8 -10 -24 -29 )
( -3 -9 22 24 -31 )
( 15 16 -25 -27 31 )
( -8 -11 15 25 -29 )
( 10 -25 -26 -28 29 )
( -1 6 -7 -17 31 )
( -3 6 -7 -21 26 )
( -7 11 -12 22 29 )
( -11 -12 -13 16 -28 )
( 1 -3 18 -23 -24 )
( -12 -16 -20 -29 30 )
( 1 -9 12 -27 29 )
( -4 5 6 16 -28 )
( -12 14 -18 25 -29 )
( -2 -20 -25 27 29 )
( -6 14 16 22 -27 )
( -1 2 -6 15 28 )
( -15 -17 -21 22 -26 )
( 5 -15 -17 19 27 )
( -14 21 -22 -23 -30 )
( -6 -9 13 -15 25 )
( 3 -12 15 17 22 )
( -7 9 20 -21 24 )
( -3 -5 25 -27 29 )
( -9 11 -13 18 -22 )
( 1 -6 -9 16 28 )
( 10 14 -15 -19 32 )
( -8 -13 21 27 -32 )
( 2 7 10 -13 28 )
( -4 -6 8 -13 -16 )
( 2 9 19 -20 -25 )
( 8 -9 -19 -25 27 )
( -9 -11 15 19 24 )
( -1 5 14 -24 -30 )
( -7 -10 -12 17 32 )
( 5 11 18 24 -28 )
( -11 20 25 -26 29 )
( 10 -11 -19 -25 -28 )
( -4 7 9 -17 29 )
( 5 18 -25 -26 -28 )
( -5 12 21 23 -26 )
( 1 -7 -10 -15 -27 )
( 1 -11 -15 -19 23 )
( -1 10 -11 13 20 )
( 4 -9 12 -19 21 )
( -15 -17 18 19 29 )
( -5 -11 15 -19 -20 )
( 11 -13 16 -28 -32 )
( -1 -5 13 -26 -27 )
( -4 6 14 20 21 )
( 3 8 16 -23 -32 )
( -3 -6 10 -15 27 )
( -8 12 -18 20 -31 )
( 4 -13 18 25 -31 )
( -12 -19 -20 22 24 )
( -8 -23 -24 -26 32 )
( 11 -18 -25 -26 -29 )
( 3 6 11 24 29 )
( 4 9 23 -27 -30 )
( 2 -3 -10 24 -28 )
( -6 -7 23 -28 29 )
( -2 -5 8 11 -20 )
( -10 15 20 -30 -31 )
( -11 14 20 -21 -32 )
( 1 7 -12 16 22 )
( -8 -18 23 -31 -32 )
( -5 8 13 23 26 )
( -1 -13 -19 20 21 )
( -12 25 -26 27 -32 )
( 9 -25 27 30 -32 )
( -1 8 20 -21 24 )
( -8 12 14 16 -25 )
( 11 -15 -17 -24 27 )
( -1 -18 -20 -29 31 )
( -8 -13 -17 -24 29 )
( 2 -18 -24 26 28 )
( 12 18 -24 28 -30 )
( -7 -8 11 -14 21 )
( -10 -17 -19 -22 -27 )
( -8 -11 -20 -29 30 )
( -9 -10 16 -17 -19 )
( 1 -9 -18 -19 -29 )
( 2 3 6 23 29 )
( -3 -5 12 -18 -20 )
( 1 -4 -18 20 -29 )
( 4 -15 22 -29 -30 )
( 10 -11 14 -23 -27 )
( -2 -15 26 28 29 )
( 1 5 -15 27 -28 )
( -8 -12 13 -22 28 )
( -9 -11 14 -17 20 )
( -10 -17 -23 24 32 )
( -3 -22 25 26 30 )
( 9 25 26 30 31 )
( 3 9 -13 -16 22 )
( 1 -3 7 -21 -31 )
( 4 -17 19 20 23 )
( 1 -9 14 27 28 )
( -2 -5 -26 27 30 )
( -5 -7 9 -18 32 )
( 2 8 12 -13 17 )
( 1 18 20 -24 27 )
( -1 -21 26 -30 -31 )
( 8 15 20 24 -28 )
( 6 10 -11 26 28 )
( 4 5 12 -26 29 )
( -12 -13 20 -22 -23 )
( 11 -14 -24 30 -31 )
( 2 3 -12 19 -26 )
( 6 -11 22 -27 28 )
( 3 -16 -18 20 26 )
( -1 23 26 27 31 )
( 5 7 10 -17 18 )
( 11 13 14 16 26 )
( 10 14 -20 25 -30 )
( -1 -18 21 -26 -28 )
( 7 -16 -23 -28 -30 )
( -1 5 -11 -29 30 )
( 1 12 -14 -26 29 )
( 2 16 24 -26 32 )
( -2 -11 20 24 30 )
( 5 -7 -13 -18 -19 )
( 1 -10 -13 -15 32 )
( 3 -5 -10 -17 -29 )
( 10 -21 -25 -27 -32 )
( -5 -15 -26 -29 -32 )
( -4 16 18 19 32 )
( -6 8 12 -28 -31 )
( 6 7 14 25 -32 )
( -6 -8 13 -16 27 )
( 4 -5 20 21 25 )
( 4 -6 11 13 30 )
( 11 -13 18 -24 27 )
( 6 -11 -13 -24 31 )
( 4 17 20 -22 -31 )
( 7 -15 -19 21 -27 )
( 9 -23 -26 -27 -31 )
( 1 12 14 -27 30 )
( -2 4 18 -21 24 )
( 2 -4 -17 20 30 )
( -3 -13 16 -21 -25 )
( -2 -25 -26 -27 32 )
( -3 -6 17 -23 -32 )
( 5 14 23 25 27 )
( 2 7 13 -16 27 )
( 7 -16 -19 24 -29 )
( -8 15 26 -28 31 )
( 2 6 12 21 -32 )
( -6 12 -14 -16 19 )
( -10 12 13 21 31 )
( -12 18 22 -27 -32 )
( 17 -21 -22 24 -32 )
( 3 -6 -22 -26 28 )
( -3 -12 -20 21 -23 )
( 1 -4 8 12 -29 )
( -10 -13 17 -29 -32 )
( -5 -11 15 25 26 )
( 4 9 -11 28 32 )
( 7 -16 17 -18 -22 )
( 8 -16 22 -29 32 )
( -2 7 -10 12 -14 )
( -5 6 -8 13 -29 )
( 6 8 12 22 24 )
( 9 10 -11 19 23 )
( -9 11 -22 25 31 )
( -8 -14 -20 -31 -32 )
( 4 11 -16 -17 -27 )
( -3 7 -11 -17 -31 )
( -1 4 20 -27 28 )
( 1 -6 16 -23 29 )
( 13 -21 23 -29 31 )
( 10 15 -17 20 24 )
( 1 6 16 25 -31 )
( 2 -13 -14 15 28 )
( 3 -11 16 25 27 )
( 13 -17 19 25 30 )
( -2 13 -14 18 -25 )
( 9 -10 -25 -29 32 )
( -6 -15 23 -28 30 )
( 20 23 25 -26 27 )
( 1 3 7 17 -26 )
( 1 13 17 19 32 )
( -6 -9 11 -14 -30 )
( 7 12 23 31 32 )
( -8 -9 -11 -19 27 )
( 4 -5 8 16 21 )
( -11 13 19 25 32 )
( -11 15 -16 25 -32 )
( -2 16 -17 -23 32 )
( -4 6 -19 25 -32 )
( 6 -7 10 -28 -29 )
( -2 5 10 -19 31 )
( -12 -17 -24 -26 29 )
( -1 2 -17 -21 26 )
( -1 3 -8 13 -18 )
( -3 -7 -8 -18 20 )
( -10 18 19 24 29 )
( 1 -8 12 -17 -23 )
( 6 8 13 -21 -29 )
( 2 -4 10 -25 -28 )
( -9 -11 15 -16 -20 )
( -4 -5 8 11 19 )
( -2 -5 13 17 21 )
( 8 -10 15 -19 -22 )
( -2 -7 15 -24 -26 )
( -4 -8 9 -12 -16 )
( 2 3 7 -18 27 )
( -4 -6 -21 -24 -32 )
( -10 -14 -19 23 30 )
( 5 8 -21 -22 -24 )
( -4 -9 -12 15 30 )
( -3 -12 -15 19 -25 )
( 2 3 9 14 -24 )
( 1 10 24 -27 -29 )
( -5 10 13 -22 30 )
( 15 20 -24 25 29 )
( -3 16 -17 20 21 )
( -2 -8 10 -12 -16 )
( -12 14 -15 27 -31 )
( -12 13 -17 21 -31 )
( 8 12 16 25 29 )
( -16 -19 20 22 -25 )
( 12 14 25 -26 -28 )
( -14 -17 -21 -28 31 )
( -2 -5 16 -23 29 )
( -5 -6 17 29 -31 )
( 1 8 -15 16 32 )
( 2 -3 8 19 23 )
( -7 -9 -16 -23 -27 )
( 9 -20 -25 -28 -30 )
( 8 -13 -15 21 26 )
( -5 11 24 -26 -32 )
( 5 -7 13 14 -32 )
( 1 -7 -8 -10 32 )
( -6 -15 -16 23 28 )
( -5 -10 17 -24 -31 )
( -9 -13 -15 -25 -32 )
( 4 9 -20 26 27 )
( 2 9 16 -25 31 )
( 14 18 23 -25 27 )
( -1 6 10 -19 -27 )
( 15 16 23 -27 29 )
( -2 -13 18 -22 24 )
( -1 8 -10 -27 30 )
( 12 -15 20 -29 -32 )
( 11 15 18 -29 32 )
( -8 -13 -15 -28 -31 )
( -7 -9 11 -23 27 )
( 14 -20 24 -28 31 )
( -8 10 11 16 -27 )
( 12 13 -15 -28 -29 )
( -6 -17 -19 29 -31 )
( 5 -7 13 21 25 )
( -1 7 12 19 -24 )
( 8 -14 -17 20 21 )
( -1 4 -11 15 29 )
( 14 -15 20 -28 -29 )
( 3 4 -8 15 -18 )
( 6 -15 -23 26 29 )
( 2 -5 -14 25 -28 )
( 3 -6 -17 30 31 )
( -5 7 17 29 -31 )
( -9 -15 21 27 30 )
( -19 -20 22 24 -29 )
( -12 -17 19 20 -22 )
( 2 -7 -13 -14 31 )
( -2 -18 -20 -21 30 )
( -4 -5 8 -19 25 )
( -7 -11 -17 28 -31 )
( 3 21 22 28 31 )
( -3 4 -10 -14 23 )
( -4 -15 19 -26 -28 )
( -1 -6 21 22 23 )
( 8 10 -11 12 22 )
( 13 -18 28 29 32 )
( -3 13 -21 -26 29 )
( 3 -15 -27 -29 -32 )
( 1 -8 -19 20 32 )
( 1 10 12 -16 -19 )
( -5 10 13 -22 -23 )
( 2 -9 -25 -31 -32 )
( -3 8 19 28 -29 )
( 21 -23 26 28 30 )
( -3 -16 -18 28 31 )
( 18 -23 25 27 -31 )
( 3 6 -11 -24 -26 )
( -8 -21 -22 -25 32 )
( -3 8 -9 -12 22 )
( -20 21 -22 -23 -28 )
( -4 13 -18 19 24 )
( 3 14 17 -20 29 )
( 11 -21 -23 -24 32 )
( -6 15 -16 23 31 )
( 5 -13 25 -27 29 )
( -11 23 26 -28 30 )
( -9 13 -21 22 31 )
( 9 16 -17 20 26 )
( -12 -14 -18 -27 -28 )
( 7 -13 -26 27 -28 )
( -2 16 22 -23 -31 )
( -6 14 -16 -19 -21 )
( 1 3 4 -19 -31 )
( -5 -9 -15 17 -31 )
( 2 -8 -11 20 23 )
( -1 -10 12 -18 -28 )
( -1 -2 3 12 -19 )
( 4 -18 -21 22 31 )
( -1 3 -9 26 30 )
( -1 11 -15 22 -27 )
( -11 -13 18 -21 25 )
( -3 -6 8 27 -29 )
( 4 -7 13 17 25 )
( 7 15 -18 26 -32 )
( -2 5 -7 15 -16 )
( 4 -25 -28 -29 -32 )
( -5 19 22 -23 -25 )
( 4 7 11 -17 -27 )
( -14 22 24 -26 28 )
( 4 12 -16 -25 -30 )
( -5 -18 -20 22 24 )
( -1 -16 18 27 -28 )
( -4 13 20 23 -27 )
( -7 -15 -22 26 -32 )
( 1 -3 -5 -9 25 )
( 8 9 16 20 32 )
( -3 11 -16 -22 26 )
( 3 12 -24 27 -30 )
( 4 10 -15 -16 -19 )
( -5 -16 -21 -23 -26 )
( 5 8 9 -11 30 )
( -3 7 -8 -16 -26 )
( 15 17 -20 21 25 )
( 7 -18 19 -25 -31 )
( -1 -8 14 19 -28 )
( 3 6 -7 14 31 )
( 3 -5 -19 21 -28 )
( 3 9 15 -27 -32 )
( 6 -9 12 13 21 )
( 16 20 -24 -29 30 )
( 9 -10 -15 -16 28 )
( -7 11 -15 20 -22 )
( 10 20 24 -28 -31 )
( 11 12 -15 17 -25 )
( -2 6 10 20 32 )
( -6 -8 -21 -22 -30 )
( -8 12 19 -27 31 )
( -2 4 9 10 -27 )
( 4 11 22 -23 30 )
( -3 -6 -9 -14 23 )
( 2 7 10 20 29 )
( 4 11 18 19 -24 )
( 7 -14 -19 31 32 )
( -1 -3 6 7 -32 )
( -8 10 21 23 25 )
( -10 17 -19 20 25 )
( -3 -5 8 13 19 )
( -2 10 14 -15 -30 )
( 1 3 8 -17 -25 )
( 2 11 15 -28 -30 )
( 6 -9 -11 -21 30 )
( 1 -7 16 28 32 )
( -5 8 9 -14 28 )
( -3 9 12 22 -31 )
( -9 -14 -18 -26 -32 )
( 1 -3 -11 20 29 )
( 6 18 -22 -29 30 )
( 9 -12 15 19 32 )
( 10 13 -21 -27 -31 )
( 8 -15 -17 -23 -30 )
( -1 2 18 -25 27 )
( -1 -13 -18 -24 30 )
( -4 5 -18 20 27 )
( 7 8 11 -12 -29 )
( -7 -19 -24 -30 -32 )
( 2 9 -13 26 -27 )
( -4 -10 -14 17 -20 )
( 4 19 22 24 -32 )
( -1 -2 -5 6 14 )
( 1 -7 20 -23 25 )
( 5 -7 10 -16 -21 )
( -5 -13 -14 16 20 )
( 2 -5 15 -22 -27 )
( -9 12 -15 -20 27 )
( 3 10 21 28 -31 )
( 3 5 21 24 -25 )
( 10 18 19 -23 -29 )
( -10 11 -15 20 22 )
( 2 9 14 20 23 )
( -2 13 28 31 -32 )
( -8 9 -20 22 -27 )
( 3 9 -17 -28 32 )
( -4 -10 -17 -18 -31 )
( 3 14 18 23 26 )
( 7 16 17 25 30 )
( 6 -9 15 18 -23 )
( 6 12 28 -29 30 )
( -1 4 5 17 27 )
( 4 26 -27 28 32 )
( -1 4 11 -19 -28 )
( 1 -3 -11 -16 -24 )
( 7 -12 -14 -25 -30 )
( 6 13 21 -24 29 )
( -3 -4 15 18 -24 )
( -10 -13 14 -23 -25 )
( 2 -4 -15 21 -29 )
( 4 12 16 -22 24 )
( -3 9 -10 15 -26 )
( -8 9 13 -18 27 )
( 6 -8 16 24 30 )
( 12 17 -21 22 -28 )
( -3 -5 13 -24 28 )
( -6 12 -13 -16 32 )
( 6 17 -20 25 -28 )
( 2 10 16 21 22 )
( 3 -7 -22 -24 -25 )
( 4 -7 18 -21 -24 )
( -4 -13 -15 -26 27 )
( 16 -21 -24 30 -32 )
( -7 -17 21 23 -28 )
( -1 2 -7 14 18 )
( -2 5 -15 -24 -25 )
( 1 7 18 25 -30 )
( -1 -10 -23 -27 29 )
( 1 -7 16 20 -32 )
( -3 13 -16 -22 -26 )
( 1 13 -22 -25 -26 )
( -2 -9 10 14 27 )
( 4 16 19 26 27 )
( -2 -7 -16 -20 -30 )
( -1 4 7 15 -26 )
( -4 13 23 -25 32 )
( 13 -18 -24 -28 -30 )
( -3 -8 10 -12 -23 )
( -3 18 22 -23 -30 )
( -3 10 -13 -24 -28 )
( 7 -9 10 27 31 )
( -3 -10 -11 -20 -23 )
( 13 -15 -16 -24 -31 )
( 7 10 14 15 21 )
( 9 14 15 -27 -31 )
( 6 7 23 -25 28 )
( -8 -13 18 -19 22 )
( 1 14 25 28 -32 )
( -5 -10 18 23 -24 )
( 14 17 21 22 31 )
( 1 -12 -13 14 -16 )
( 4 8 -16 -19 24 )
( 6 -10 15 23 28 )
( 8 -10 -12 -25 -30 )
( 2 -4 8 -14 -24 )
( -7 -16 -19 25 27 )
( 7 11 22 -25 29 )
( -1 -11 15 20 26 )
( -16 -19 22 -26 28 )
( 2 -8 17 -18 -31 )
( 10 -16 19 -22 24 )
( -5 -13 -15 -17 27 )
( 3 -4 16 21 22 )
( -4 17 -23 -26 -27 )
( -4 7 8 -12 22 )
( -1 7 -8 -20 30 )
( -2 4 -6 14 -27 )
( -18 -20 -23 24 31 )
( 13 21 -23 27 29 )
( 3 -12 16 23 25 )
( -9 10 11 23 24 )
( -15 -19 21 25 32 )
( 9 13 17 -20 21 )
( 1 -3 -15 -24 27 )
( 4 -8 -28 29 30 )
( -6 7 15 -16 -17 )
( -8 10 12 -17 -19 )
( 11 18 -21 26 30 )
( 5 -9 -16 -22 -25 )
( -13 19 20 -25 -27 )
( 8 -13 -17 23 -31 )
( -2 13 24 27 -29 )
( 1 6 15 16 23 )
( 1 -2 -6 -17 -19 )
( -4 -6 -8 -20 -25 )
( -1 4 -7 10 -18 )
( -3 -10 -13 -17 -32 )
( 11 18 -21 -23 26 )
( -12 21 24 -30 -32 )
( -5 -8 9 13 -31 )
( 14 -15 20 -22 -27 )
( 8 19 -22 28 -31 )
( -5 14 15 -26 29 )
( 1 6 26 31 -32 )
( 2 -11 -13 -17 28 )
( 2 10 -13 15 -29 )
( 12 13 -21 22 -26 )
( 2 -5 9 -27 28 )
( 1 8 14 20 24 )
( 6 -10 -15 -21 -22 )
( -1 -12 -20 26 29 )
( 5 16 -17 -29 31 )
( -4 -5 8 22 -28 )
( 1 -4 -13 -20 28 )
( 10 -17 23 -30 32 )
( 15 26 -27 28 -32 )
( 5 -15 -22 -24 -30 )
( -13 -14 16 18 -21 )
( 7 -13 15 -16 -21 )
( -5 -8 12 -15 21 )
( -1 7 8 -22 23 )
( 5 7 -14 17 32 )
( 15 -18 -26 28 29 )
( -6 -10 15 21 22 )
( -1 3 -6 -22 -25 )
( -5 21 23 29 -31 )
( 2 10 23 25 29 )
( -6 7 -11 13 21 )
( 17 -18 22 -24 -30 )
( 12 -19 -24 -28 -29 )
( 6 -21 22 -28 -30 )
( -8 21 -23 25 28 )
( -7 -11 -24 -27 29 )
( 6 -8 -20 22 23 )
( 3 5 -12 26 -31 )
( -3 -10 -16 18 -20 )
( 12 13 16 17 -20 )
( 2 -12 13 -16 -23 )
( 3 -14 -18 19 23 )
( 11 -17 19 -20 32 )
( -7 -10 16 -20 26 )
( 3 -5 -9 25 -26 )
( 9 -11 -15 -19 28 )
( 10 -12 -19 24 28 )
( -7 -8 -11 -25 -28 )
( -2 7 -8 -24 -27 )
( -6 9 13 -21 30 )
( 7 -9 10 -16 18 )
( 13 -14 -16 -22 -24 )
( -6 -14 16 -22 30 )
( 3 5 12 -22 -25 )
( -4 7 14 16 25 )
( -7 10 -18 20 32 )
( 17 18 -19 23 29 )
( -7 14 16 17 19 )
( 1 -2 16 17 -25 )
( 4 -20 25 27 30 )
( -7 -11 -15 -16 23 )
( -1 4 10 -12 -32 )
( -2 -10 -17 -20 -28 )
( -3 -11 -24 -25 26 )
( -1 -4 8 -12 -29 )
( 6 -11 -12 16 -31 )
( -2 13 14 -19 23 )
( -4 8 -19 29 -31 )
( 5 -6 -11 22 -32 )
( -4 -16 21 22 -32 )
( -5 -8 -17 19 -31 )
( -6 -14 24 27 32 )
( -4 -6 9 13 -20 )
( 9 -13 19 -28 -29 )
( -12 16 -17 18 -24 )
( -8 12 14 -17 20 )
( -7 13 20 22 25 )
( 6 -7 9 -16 28 )
( -7 24 -25 -28 31 )
( -3 9 -21 28 32 )
( -8 -11 -13 28 31 )
( 4 -17 -25 -29 -30 )
( -6 -8 -20 27 31 )
( 4 -6 -8 10 -21 )
( 4 -7 14 -15 26 )
( -3 11 -19 -27 28 )
( -9 -16 -21 -25 27 )
( -2 -7 10 -12 32 )
( -1 8 -17 -22 29 )
( 6 10 16 26 -27 )
( -2 -3 8 15 27 )
( -10 -17 -22 24 26 )
( 8 -9 10 29 31 )
( 5 -12 20 -24 26 )
( 1 -5 6 12 28 )
( -2 -12 -23 26 -29 )
( 1 15 -16 -21 32 )
( -7 -9 -17 31 -32 )
( 4 5 -7 9 26 )
( -3 5 -8 9 25 )
( -2 -13 17 18 20 )
( -5 -8 -14 -29 30 )
( 12 14 16 22 30 )
( 2 5 19 -21 22 )
( -1 -5 16 24 31 )
( -11 15 19 -22 -32 )
( 1 -5 -19 25 -30 )
( -14 15 21 24 27 )
( -4 -6 25 -27 -29 )
( -2 4 -15 -23 -32 )
( -9 17 -20 29 32 )
( -11 19 -22 -30 32 )
( 6 -7 21 26 -28 )
( 5 -15 20 28 30 )
( 13 14 17 -18 -30 )
( -12 15 -17 -25 -28 )
( 8 -14 16 -18 -21 )
( -1 6 -8 -15 32 )
( -9 12 15 -18 31 )
( 6 7 8 -10 17 )
( 10 17 -25 26 27 )
( 4 18 -21 22 -24 )
( 13 16 -18 -20 -26 )
( -4 -14 -25 27 30 )
( -2 -8 10 21 23 )
