c The job "sato -Q5 -o" started at Wed Apr 16 15:40:51 1997
( 21 22 23 24 25 )
( 16 17 18 19 20 )
( 11 12 13 14 15 )
( 6 7 8 9 10 )
( 1 2 3 4 5 )
( -20 -25 )
( -15 -25 )
( -10 -25 )
( -5 -25 )
( -19 -24 )
( -14 -24 )
( -9 -24 )
( -4 -24 )
( -18 -23 )
( -13 -23 )
( -8 -23 )
( -3 -23 )
( -17 -22 )
( -12 -22 )
( -7 -22 )
( -2 -22 )
( -16 -21 )
( -11 -21 )
( -6 -21 )
( -1 -21 )
( -15 -20 )
( -10 -20 )
( -5 -20 )
( -14 -19 )
( -9 -19 )
( -4 -19 )
( -13 -18 )
( -8 -18 )
( -3 -18 )
( -12 -17 )
( -7 -17 )
( -2 -17 )
( -11 -16 )
( -6 -16 )
( -1 -16 )
( -10 -15 )
( -5 -15 )
( -9 -14 )
( -4 -14 )
( -8 -13 )
( -3 -13 )
( -7 -12 )
( -2 -12 )
( -6 -11 )
( -1 -11 )
( -5 -10 )
( -4 -9 )
( -3 -8 )
( -2 -7 )
( -1 -6 )
( -24 -25 )
( -23 -25 )
( -22 -25 )
( -21 -25 )
( -19 -20 )
( -18 -20 )
( -17 -20 )
( -16 -20 )
( -14 -15 )
( -13 -15 )
( -12 -15 )
( -11 -15 )
( -9 -10 )
( -8 -10 )
( -7 -10 )
( -6 -10 )
( -4 -5 )
( -3 -5 )
( -2 -5 )
( -1 -5 )
( -23 -24 )
( -22 -24 )
( -21 -24 )
( -18 -19 )
( -17 -19 )
( -16 -19 )
( -13 -14 )
( -12 -14 )
( -11 -14 )
( -8 -9 )
( -7 -9 )
( -6 -9 )
( -3 -4 )
( -2 -4 )
( -1 -4 )
( -22 -23 )
( -21 -23 )
( -17 -18 )
( -16 -18 )
( -12 -13 )
( -11 -13 )
( -7 -8 )
( -6 -8 )
( -2 -3 )
( -1 -3 )
( -21 -22 )
( -16 -17 )
( -11 -12 )
( -6 -7 )
( -1 -2 )
( -19 -25 )
( -13 -25 )
( -7 -25 )
( -1 -25 )
( -20 -24 )
( -18 -24 )
( -12 -24 )
( -6 -24 )
( -19 -23 )
( -17 -23 )
( -15 -23 )
( -11 -23 )
( -18 -22 )
( -16 -22 )
( -14 -22 )
( -10 -22 )
( -17 -21 )
( -13 -21 )
( -9 -21 )
( -5 -21 )
( -14 -20 )
( -8 -20 )
( -2 -20 )
( -15 -19 )
( -13 -19 )
( -7 -19 )
( -1 -19 )
( -14 -18 )
( -12 -18 )
( -10 -18 )
( -6 -18 )
( -13 -17 )
( -11 -17 )
( -9 -17 )
( -5 -17 )
( -12 -16 )
( -8 -16 )
( -4 -16 )
( -9 -15 )
( -3 -15 )
( -10 -14 )
( -8 -14 )
( -2 -14 )
( -9 -13 )
( -7 -13 )
( -5 -13 )
( -1 -13 )
( -8 -12 )
( -6 -12 )
( -4 -12 )
( -7 -11 )
( -3 -11 )
( -4 -10 )
( -5 -9 )
( -3 -9 )
( -4 -8 )
( -2 -8 )
( -3 -7 )
( -1 -7 )
( -2 -6 )
