 110 2 118 1 5 115 116 97 114 116 119 3 115 6 101 38
 10 84 101 115 116 105 110 103 32 116 104 101 32 70 77 79
 68 32 97 110 100 32 77 79 68 70 32 111 112 101 114 97
 116 105 111 110 115 10 99 94 42 3 100 -20 116 114 3 100
 -20 116 114 4 100 0 98 4 19 111 5 98 3 129 100 1092616192
 133 116 98 4 129 100 1092616192 133 116 98 5 98 6 134 116 115
 11 101 26 37 54 46 51 102 32 35 77 79 68 32 37 54
 46 51 102 32 61 62 32 37 54 46 51 102 10 98 5 98
 6 98 7 99 94 42 8 115 11 100 1000 99 28 42 8 115
 7 115 6 115 5 114 5 98 4 100 2 17 106 4 98 4
 100 20 23 111 4 115 4 98 3 100 2 17 106 3 98 3
 100 20 23 111 3 115 3 100 0 120 125 115 3 114 2 116
 68 1 1 1
