
(  0   0):   100  99  98  97  96  95  94  93  92  91
(  0  10):    90  89  88  87  86  85  84  83  82  81
(  0  20):    80  79  78  77  76  75  74  73  72  71
(  0  30):    70  69  68  67  66  65  64  63  62  61
(  0  40):    60  59  58  57  56  55  54  53  52  51
(  0  50):    50  49  48  47  46  45  44  43  42  41
(  0  60):    40  39  38  37  36  35  34  33  32  31
(  0  70):    30  29  28  27  26  25  24  23  22  21
(  0  80):    20  19  18  17  16  15  14  13  12  11
(  0  90):    10   9   8   7   6   5   4   3   2   1

(  1   0):   100  99  98  97  96  95  94  93  92  91
(  1  10):    90  89  88  87  86  85  84  83  82  81
(  1  20):    80  79  78  77  76  75  74  73  72  71
(  1  30):    70  69  68  67  66  65  64  63  62  61
(  1  40):    60  59  58  57  56  55  54  53  52  51
(  1  50):    50  49  48  47  46  45  44  43  42  41
(  1  60):    40  39  38  37  36  35  34  33  32  31
(  1  70):    30  29  28  27  26  25  24  23  22  21
(  1  80):    20  19  18  17  16  15  14  13  12  11
(  1  90):    10   9   8   7   6   5   4   3   2   1

(  2   0):     1  99  98  97  96  95  94  93  92  91
(  2  10):    90  89  88  87  86  85  84  83  82  81
(  2  20):    80  79  78  77  76  75  74  73  72  71
(  2  30):    70  69  68  67  66  65  64  63  62  61
(  2  40):    60  59  58  57  56  55  54  53  52  51
(  2  50):    50  49  48  47  46  45  44  43  42  41
(  2  60):    40  39  38  37  36  35  34  33  32  31
(  2  70):    30  29  28  27  26  25  24  23  22  21
(  2  80):    20  19  18  17  16  15  14  13  12  11
(  2  90):    10   9   8   7   6   5   4   3   2   1

(  3   0):     1   1  98  97  96  95  94  93  92  91
(  3  10):    90  89  88  87  86  85  84  83  82  81
(  3  20):    80  79  78  77  76  75  74  73  72  71
(  3  30):    70  69  68  67  66  65  64  63  62  61
(  3  40):    60  59  58  57  56  55  54  53  52  51
(  3  50):    50  49  48  47  46  45  44  43  42  41
(  3  60):    40  39  38  37  36  35  34  33  32  31
(  3  70):    30  29  28  27  26  25  24  23  22  21
(  3  80):    20  19  18  17  16  15  14  13  12  11
(  3  90):    10   9   8   7   6   5   4   3   2   1

(  4   0):     1   1   1  97  96  95  94  93  92  91
(  4  10):    90  89  88  87  86  85  84  83  82  81
(  4  20):    80  79  78  77  76  75  74  73  72  71
(  4  30):    70  69  68  67  66  65  64  63  62  61
(  4  40):    60  59  58  57  56  55  54  53  52  51
(  4  50):    50  49  48  47  46  45  44  43  42  41
(  4  60):    40  39  38  37  36  35  34  33  32  31
(  4  70):    30  29  28  27  26  25  24  23  22  21
(  4  80):    20  19  18  17  16  15  14  13  12  11
(  4  90):    10   9   8   7   6   5   4   3   2   1

(  5   0):     1   1   1   1  96  95  94  93  92  91
(  5  10):    90  89  88  87  86  85  84  83  82  81
(  5  20):    80  79  78  77  76  75  74  73  72  71
(  5  30):    70  69  68  67  66  65  64  63  62  61
(  5  40):    60  59  58  57  56  55  54  53  52  51
(  5  50):    50  49  48  47  46  45  44  43  42  41
(  5  60):    40  39  38  37  36  35  34  33  32  31
(  5  70):    30  29  28  27  26  25  24  23  22  21
(  5  80):    20  19  18  17  16  15  14  13  12  11
(  5  90):    10   9   8   7   6   5   4   3   2   1

(  6   0):     1   1   1   1   1  95  94  93  92  91
(  6  10):    90  89  88  87  86  85  84  83  82  81
(  6  20):    80  79  78  77  76  75  74  73  72  71
(  6  30):    70  69  68  67  66  65  64  63  62  61
(  6  40):    60  59  58  57  56  55  54  53  52  51
(  6  50):    50  49  48  47  46  45  44  43  42  41
(  6  60):    40  39  38  37  36  35  34  33  32  31
(  6  70):    30  29  28  27  26  25  24  23  22  21
(  6  80):    20  19  18  17  16  15  14  13  12  11
(  6  90):    10   9   8   7   6   5   4   3   2   1

(  7   0):     1   1   1   1   1   1  94  93  92  91
(  7  10):    90  89  88  87  86  85  84  83  82  81
(  7  20):    80  79  78  77  76  75  74  73  72  71
(  7  30):    70  69  68  67  66  65  64  63  62  61
(  7  40):    60  59  58  57  56  55  54  53  52  51
(  7  50):    50  49  48  47  46  45  44  43  42  41
(  7  60):    40  39  38  37  36  35  34  33  32  31
(  7  70):    30  29  28  27  26  25  24  23  22  21
(  7  80):    20  19  18  17  16  15  14  13  12  11
(  7  90):    10   9   8   7   6   5   4   3   2   1

(  8   0):     1   1   1   1   1   1   1  93  92  91
(  8  10):    90  89  88  87  86  85  84  83  82  81
(  8  20):    80  79  78  77  76  75  74  73  72  71
(  8  30):    70  69  68  67  66  65  64  63  62  61
(  8  40):    60  59  58  57  56  55  54  53  52  51
(  8  50):    50  49  48  47  46  45  44  43  42  41
(  8  60):    40  39  38  37  36  35  34  33  32  31
(  8  70):    30  29  28  27  26  25  24  23  22  21
(  8  80):    20  19  18  17  16  15  14  13  12  11
(  8  90):    10   9   8   7   6   5   4   3   2   1

(  9   0):     1   1   1   1   1   1   1   1  92  91
(  9  10):    90  89  88  87  86  85  84  83  82  81
(  9  20):    80  79  78  77  76  75  74  73  72  71
(  9  30):    70  69  68  67  66  65  64  63  62  61
(  9  40):    60  59  58  57  56  55  54  53  52  51
(  9  50):    50  49  48  47  46  45  44  43  42  41
(  9  60):    40  39  38  37  36  35  34  33  32  31
(  9  70):    30  29  28  27  26  25  24  23  22  21
(  9  80):    20  19  18  17  16  15  14  13  12  11
(  9  90):    10   9   8   7   6   5   4   3   2   1

( 10   0):     1   1   1   1   1   1   1   1   1  91
( 10  10):    90  89  88  87  86  85  84  83  82  81
( 10  20):    80  79  78  77  76  75  74  73  72  71
( 10  30):    70  69  68  67  66  65  64  63  62  61
( 10  40):    60  59  58  57  56  55  54  53  52  51
( 10  50):    50  49  48  47  46  45  44  43  42  41
( 10  60):    40  39  38  37  36  35  34  33  32  31
( 10  70):    30  29  28  27  26  25  24  23  22  21
( 10  80):    20  19  18  17  16  15  14  13  12  11
( 10  90):    10   9   8   7   6   5   4   3   2   1

( 11   0):     1   1   1   1   1   1   1   1   1   1
( 11  10):    90  89  88  87  86  85  84  83  82  81
( 11  20):    80  79  78  77  76  75  74  73  72  71
( 11  30):    70  69  68  67  66  65  64  63  62  61
( 11  40):    60  59  58  57  56  55  54  53  52  51
( 11  50):    50  49  48  47  46  45  44  43  42  41
( 11  60):    40  39  38  37  36  35  34  33  32  31
( 11  70):    30  29  28  27  26  25  24  23  22  21
( 11  80):    20  19  18  17  16  15  14  13  12  11
( 11  90):    10   9   8   7   6   5   4   3   2   1

( 12   0):     1   1   1   1   1   1   1   1   1   1
( 12  10):     1  89  88  87  86  85  84  83  82  81
( 12  20):    80  79  78  77  76  75  74  73  72  71
( 12  30):    70  69  68  67  66  65  64  63  62  61
( 12  40):    60  59  58  57  56  55  54  53  52  51
( 12  50):    50  49  48  47  46  45  44  43  42  41
( 12  60):    40  39  38  37  36  35  34  33  32  31
( 12  70):    30  29  28  27  26  25  24  23  22  21
( 12  80):    20  19  18  17  16  15  14  13  12  11
( 12  90):    10   9   8   7   6   5   4   3   2   1

( 13   0):     1   1   1   1   1   1   1   1   1   1
( 13  10):     1   1  88  87  86  85  84  83  82  81
( 13  20):    80  79  78  77  76  75  74  73  72  71
( 13  30):    70  69  68  67  66  65  64  63  62  61
( 13  40):    60  59  58  57  56  55  54  53  52  51
( 13  50):    50  49  48  47  46  45  44  43  42  41
( 13  60):    40  39  38  37  36  35  34  33  32  31
( 13  70):    30  29  28  27  26  25  24  23  22  21
( 13  80):    20  19  18  17  16  15  14  13  12  11
( 13  90):    10   9   8   7   6   5   4   3   2   1

( 14   0):     1   1   1   1   1   1   1   1   1   1
( 14  10):     1   1   1  87  86  85  84  83  82  81
( 14  20):    80  79  78  77  76  75  74  73  72  71
( 14  30):    70  69  68  67  66  65  64  63  62  61
( 14  40):    60  59  58  57  56  55  54  53  52  51
( 14  50):    50  49  48  47  46  45  44  43  42  41
( 14  60):    40  39  38  37  36  35  34  33  32  31
( 14  70):    30  29  28  27  26  25  24  23  22  21
( 14  80):    20  19  18  17  16  15  14  13  12  11
( 14  90):    10   9   8   7   6   5   4   3   2   1

( 15   0):     1   1   1   1   1   1   1   1   1   1
( 15  10):     1   1   1   1  86  85  84  83  82  81
( 15  20):    80  79  78  77  76  75  74  73  72  71
( 15  30):    70  69  68  67  66  65  64  63  62  61
( 15  40):    60  59  58  57  56  55  54  53  52  51
( 15  50):    50  49  48  47  46  45  44  43  42  41
( 15  60):    40  39  38  37  36  35  34  33  32  31
( 15  70):    30  29  28  27  26  25  24  23  22  21
( 15  80):    20  19  18  17  16  15  14  13  12  11
( 15  90):    10   9   8   7   6   5   4   3   2   1

( 16   0):     1   1   1   1   1   1   1   1   1   1
( 16  10):     1   1   1   1   1  85  84  83  82  81
( 16  20):    80  79  78  77  76  75  74  73  72  71
( 16  30):    70  69  68  67  66  65  64  63  62  61
( 16  40):    60  59  58  57  56  55  54  53  52  51
( 16  50):    50  49  48  47  46  45  44  43  42  41
( 16  60):    40  39  38  37  36  35  34  33  32  31
( 16  70):    30  29  28  27  26  25  24  23  22  21
( 16  80):    20  19  18  17  16  15  14  13  12  11
( 16  90):    10   9   8   7   6   5   4   3   2   1

( 17   0):     1   1   1   1   1   1   1   1   1   1
( 17  10):     1   1   1   1   1   1  84  83  82  81
( 17  20):    80  79  78  77  76  75  74  73  72  71
( 17  30):    70  69  68  67  66  65  64  63  62  61
( 17  40):    60  59  58  57  56  55  54  53  52  51
( 17  50):    50  49  48  47  46  45  44  43  42  41
( 17  60):    40  39  38  37  36  35  34  33  32  31
( 17  70):    30  29  28  27  26  25  24  23  22  21
( 17  80):    20  19  18  17  16  15  14  13  12  11
( 17  90):    10   9   8   7   6   5   4   3   2   1

( 18   0):     1   1   1   1   1   1   1   1   1   1
( 18  10):     1   1   1   1   1   1   1  83  82  81
( 18  20):    80  79  78  77  76  75  74  73  72  71
( 18  30):    70  69  68  67  66  65  64  63  62  61
( 18  40):    60  59  58  57  56  55  54  53  52  51
( 18  50):    50  49  48  47  46  45  44  43  42  41
( 18  60):    40  39  38  37  36  35  34  33  32  31
( 18  70):    30  29  28  27  26  25  24  23  22  21
( 18  80):    20  19  18  17  16  15  14  13  12  11
( 18  90):    10   9   8   7   6   5   4   3   2   1

( 19   0):     1   1   1   1   1   1   1   1   1   1
( 19  10):     1   1   1   1   1   1   1   1  82  81
( 19  20):    80  79  78  77  76  75  74  73  72  71
( 19  30):    70  69  68  67  66  65  64  63  62  61
( 19  40):    60  59  58  57  56  55  54  53  52  51
( 19  50):    50  49  48  47  46  45  44  43  42  41
( 19  60):    40  39  38  37  36  35  34  33  32  31
( 19  70):    30  29  28  27  26  25  24  23  22  21
( 19  80):    20  19  18  17  16  15  14  13  12  11
( 19  90):    10   9   8   7   6   5   4   3   2   1

( 20   0):     1   1   1   1   1   1   1   1   1   1
( 20  10):     1   1   1   1   1   1   1   1   1  81
( 20  20):    80  79  78  77  76  75  74  73  72  71
( 20  30):    70  69  68  67  66  65  64  63  62  61
( 20  40):    60  59  58  57  56  55  54  53  52  51
( 20  50):    50  49  48  47  46  45  44  43  42  41
( 20  60):    40  39  38  37  36  35  34  33  32  31
( 20  70):    30  29  28  27  26  25  24  23  22  21
( 20  80):    20  19  18  17  16  15  14  13  12  11
( 20  90):    10   9   8   7   6   5   4   3   2   1

( 21   0):     1   1   1   1   1   1   1   1   1   1
( 21  10):     1   1   1   1   1   1   1   1   1   1
( 21  20):    80  79  78  77  76  75  74  73  72  71
( 21  30):    70  69  68  67  66  65  64  63  62  61
( 21  40):    60  59  58  57  56  55  54  53  52  51
( 21  50):    50  49  48  47  46  45  44  43  42  41
( 21  60):    40  39  38  37  36  35  34  33  32  31
( 21  70):    30  29  28  27  26  25  24  23  22  21
( 21  80):    20  19  18  17  16  15  14  13  12  11
( 21  90):    10   9   8   7   6   5   4   3   2   1

( 22   0):     1   1   1   1   1   1   1   1   1   1
( 22  10):     1   1   1   1   1   1   1   1   1   1
( 22  20):     1  79  78  77  76  75  74  73  72  71
( 22  30):    70  69  68  67  66  65  64  63  62  61
( 22  40):    60  59  58  57  56  55  54  53  52  51
( 22  50):    50  49  48  47  46  45  44  43  42  41
( 22  60):    40  39  38  37  36  35  34  33  32  31
( 22  70):    30  29  28  27  26  25  24  23  22  21
( 22  80):    20  19  18  17  16  15  14  13  12  11
( 22  90):    10   9   8   7   6   5   4   3   2   1

( 23   0):     1   1   1   1   1   1   1   1   1   1
( 23  10):     1   1   1   1   1   1   1   1   1   1
( 23  20):     1   1  78  77  76  75  74  73  72  71
( 23  30):    70  69  68  67  66  65  64  63  62  61
( 23  40):    60  59  58  57  56  55  54  53  52  51
( 23  50):    50  49  48  47  46  45  44  43  42  41
( 23  60):    40  39  38  37  36  35  34  33  32  31
( 23  70):    30  29  28  27  26  25  24  23  22  21
( 23  80):    20  19  18  17  16  15  14  13  12  11
( 23  90):    10   9   8   7   6   5   4   3   2   1

( 24   0):     1   1   1   1   1   1   1   1   1   1
( 24  10):     1   1   1   1   1   1   1   1   1   1
( 24  20):     1   1   1  77  76  75  74  73  72  71
( 24  30):    70  69  68  67  66  65  64  63  62  61
( 24  40):    60  59  58  57  56  55  54  53  52  51
( 24  50):    50  49  48  47  46  45  44  43  42  41
( 24  60):    40  39  38  37  36  35  34  33  32  31
( 24  70):    30  29  28  27  26  25  24  23  22  21
( 24  80):    20  19  18  17  16  15  14  13  12  11
( 24  90):    10   9   8   7   6   5   4   3   2   1

( 25   0):     1   1   1   1   1   1   1   1   1   1
( 25  10):     1   1   1   1   1   1   1   1   1   1
( 25  20):     1   1   1   1  76  75  74  73  72  71
( 25  30):    70  69  68  67  66  65  64  63  62  61
( 25  40):    60  59  58  57  56  55  54  53  52  51
( 25  50):    50  49  48  47  46  45  44  43  42  41
( 25  60):    40  39  38  37  36  35  34  33  32  31
( 25  70):    30  29  28  27  26  25  24  23  22  21
( 25  80):    20  19  18  17  16  15  14  13  12  11
( 25  90):    10   9   8   7   6   5   4   3   2   1

( 26   0):     1   1   1   1   1   1   1   1   1   1
( 26  10):     1   1   1   1   1   1   1   1   1   1
( 26  20):     1   1   1   1   1  75  74  73  72  71
( 26  30):    70  69  68  67  66  65  64  63  62  61
( 26  40):    60  59  58  57  56  55  54  53  52  51
( 26  50):    50  49  48  47  46  45  44  43  42  41
( 26  60):    40  39  38  37  36  35  34  33  32  31
( 26  70):    30  29  28  27  26  25  24  23  22  21
( 26  80):    20  19  18  17  16  15  14  13  12  11
( 26  90):    10   9   8   7   6   5   4   3   2   1

( 27   0):     1   1   1   1   1   1   1   1   1   1
( 27  10):     1   1   1   1   1   1   1   1   1   1
( 27  20):     1   1   1   1   1   1  74  73  72  71
( 27  30):    70  69  68  67  66  65  64  63  62  61
( 27  40):    60  59  58  57  56  55  54  53  52  51
( 27  50):    50  49  48  47  46  45  44  43  42  41
( 27  60):    40  39  38  37  36  35  34  33  32  31
( 27  70):    30  29  28  27  26  25  24  23  22  21
( 27  80):    20  19  18  17  16  15  14  13  12  11
( 27  90):    10   9   8   7   6   5   4   3   2   1

( 28   0):     1   1   1   1   1   1   1   1   1   1
( 28  10):     1   1   1   1   1   1   1   1   1   1
( 28  20):     1   1   1   1   1   1   1  73  72  71
( 28  30):    70  69  68  67  66  65  64  63  62  61
( 28  40):    60  59  58  57  56  55  54  53  52  51
( 28  50):    50  49  48  47  46  45  44  43  42  41
( 28  60):    40  39  38  37  36  35  34  33  32  31
( 28  70):    30  29  28  27  26  25  24  23  22  21
( 28  80):    20  19  18  17  16  15  14  13  12  11
( 28  90):    10   9   8   7   6   5   4   3   2   1

( 29   0):     1   1   1   1   1   1   1   1   1   1
( 29  10):     1   1   1   1   1   1   1   1   1   1
( 29  20):     1   1   1   1   1   1   1   1  72  71
( 29  30):    70  69  68  67  66  65  64  63  62  61
( 29  40):    60  59  58  57  56  55  54  53  52  51
( 29  50):    50  49  48  47  46  45  44  43  42  41
( 29  60):    40  39  38  37  36  35  34  33  32  31
( 29  70):    30  29  28  27  26  25  24  23  22  21
( 29  80):    20  19  18  17  16  15  14  13  12  11
( 29  90):    10   9   8   7   6   5   4   3   2   1

( 30   0):     1   1   1   1   1   1   1   1   1   1
( 30  10):     1   1   1   1   1   1   1   1   1   1
( 30  20):     1   1   1   1   1   1   1   1   1  71
( 30  30):    70  69  68  67  66  65  64  63  62  61
( 30  40):    60  59  58  57  56  55  54  53  52  51
( 30  50):    50  49  48  47  46  45  44  43  42  41
( 30  60):    40  39  38  37  36  35  34  33  32  31
( 30  70):    30  29  28  27  26  25  24  23  22  21
( 30  80):    20  19  18  17  16  15  14  13  12  11
( 30  90):    10   9   8   7   6   5   4   3   2   1

( 31   0):     1   1   1   1   1   1   1   1   1   1
( 31  10):     1   1   1   1   1   1   1   1   1   1
( 31  20):     1   1   1   1   1   1   1   1   1   1
( 31  30):    70  69  68  67  66  65  64  63  62  61
( 31  40):    60  59  58  57  56  55  54  53  52  51
( 31  50):    50  49  48  47  46  45  44  43  42  41
( 31  60):    40  39  38  37  36  35  34  33  32  31
( 31  70):    30  29  28  27  26  25  24  23  22  21
( 31  80):    20  19  18  17  16  15  14  13  12  11
( 31  90):    10   9   8   7   6   5   4   3   2   1

( 32   0):     1   1   1   1   1   1   1   1   1   1
( 32  10):     1   1   1   1   1   1   1   1   1   1
( 32  20):     1   1   1   1   1   1   1   1   1   1
( 32  30):     1  69  68  67  66  65  64  63  62  61
( 32  40):    60  59  58  57  56  55  54  53  52  51
( 32  50):    50  49  48  47  46  45  44  43  42  41
( 32  60):    40  39  38  37  36  35  34  33  32  31
( 32  70):    30  29  28  27  26  25  24  23  22  21
( 32  80):    20  19  18  17  16  15  14  13  12  11
( 32  90):    10   9   8   7   6   5   4   3   2   1

( 33   0):     1   1   1   1   1   1   1   1   1   1
( 33  10):     1   1   1   1   1   1   1   1   1   1
( 33  20):     1   1   1   1   1   1   1   1   1   1
( 33  30):     1   1  68  67  66  65  64  63  62  61
( 33  40):    60  59  58  57  56  55  54  53  52  51
( 33  50):    50  49  48  47  46  45  44  43  42  41
( 33  60):    40  39  38  37  36  35  34  33  32  31
( 33  70):    30  29  28  27  26  25  24  23  22  21
( 33  80):    20  19  18  17  16  15  14  13  12  11
( 33  90):    10   9   8   7   6   5   4   3   2   1

( 34   0):     1   1   1   1   1   1   1   1   1   1
( 34  10):     1   1   1   1   1   1   1   1   1   1
( 34  20):     1   1   1   1   1   1   1   1   1   1
( 34  30):     1   1   1  67  66  65  64  63  62  61
( 34  40):    60  59  58  57  56  55  54  53  52  51
( 34  50):    50  49  48  47  46  45  44  43  42  41
( 34  60):    40  39  38  37  36  35  34  33  32  31
( 34  70):    30  29  28  27  26  25  24  23  22  21
( 34  80):    20  19  18  17  16  15  14  13  12  11
( 34  90):    10   9   8   7   6   5   4   3   2   1

( 35   0):     1   1   1   1   1   1   1   1   1   1
( 35  10):     1   1   1   1   1   1   1   1   1   1
( 35  20):     1   1   1   1   1   1   1   1   1   1
( 35  30):     1   1   1   1  66  65  64  63  62  61
( 35  40):    60  59  58  57  56  55  54  53  52  51
( 35  50):    50  49  48  47  46  45  44  43  42  41
( 35  60):    40  39  38  37  36  35  34  33  32  31
( 35  70):    30  29  28  27  26  25  24  23  22  21
( 35  80):    20  19  18  17  16  15  14  13  12  11
( 35  90):    10   9   8   7   6   5   4   3   2   1

( 36   0):     1   1   1   1   1   1   1   1   1   1
( 36  10):     1   1   1   1   1   1   1   1   1   1
( 36  20):     1   1   1   1   1   1   1   1   1   1
( 36  30):     1   1   1   1   1  65  64  63  62  61
( 36  40):    60  59  58  57  56  55  54  53  52  51
( 36  50):    50  49  48  47  46  45  44  43  42  41
( 36  60):    40  39  38  37  36  35  34  33  32  31
( 36  70):    30  29  28  27  26  25  24  23  22  21
( 36  80):    20  19  18  17  16  15  14  13  12  11
( 36  90):    10   9   8   7   6   5   4   3   2   1

( 37   0):     1   1   1   1   1   1   1   1   1   1
( 37  10):     1   1   1   1   1   1   1   1   1   1
( 37  20):     1   1   1   1   1   1   1   1   1   1
( 37  30):     1   1   1   1   1   1  64  63  62  61
( 37  40):    60  59  58  57  56  55  54  53  52  51
( 37  50):    50  49  48  47  46  45  44  43  42  41
( 37  60):    40  39  38  37  36  35  34  33  32  31
( 37  70):    30  29  28  27  26  25  24  23  22  21
( 37  80):    20  19  18  17  16  15  14  13  12  11
( 37  90):    10   9   8   7   6   5   4   3   2   1

( 38   0):     1   1   1   1   1   1   1   1   1   1
( 38  10):     1   1   1   1   1   1   1   1   1   1
( 38  20):     1   1   1   1   1   1   1   1   1   1
( 38  30):     1   1   1   1   1   1   1  63  62  61
( 38  40):    60  59  58  57  56  55  54  53  52  51
( 38  50):    50  49  48  47  46  45  44  43  42  41
( 38  60):    40  39  38  37  36  35  34  33  32  31
( 38  70):    30  29  28  27  26  25  24  23  22  21
( 38  80):    20  19  18  17  16  15  14  13  12  11
( 38  90):    10   9   8   7   6   5   4   3   2   1

( 39   0):     1   1   1   1   1   1   1   1   1   1
( 39  10):     1   1   1   1   1   1   1   1   1   1
( 39  20):     1   1   1   1   1   1   1   1   1   1
( 39  30):     1   1   1   1   1   1   1   1  62  61
( 39  40):    60  59  58  57  56  55  54  53  52  51
( 39  50):    50  49  48  47  46  45  44  43  42  41
( 39  60):    40  39  38  37  36  35  34  33  32  31
( 39  70):    30  29  28  27  26  25  24  23  22  21
( 39  80):    20  19  18  17  16  15  14  13  12  11
( 39  90):    10   9   8   7   6   5   4   3   2   1

( 40   0):     1   1   1   1   1   1   1   1   1   1
( 40  10):     1   1   1   1   1   1   1   1   1   1
( 40  20):     1   1   1   1   1   1   1   1   1   1
( 40  30):     1   1   1   1   1   1   1   1   1  61
( 40  40):    60  59  58  57  56  55  54  53  52  51
( 40  50):    50  49  48  47  46  45  44  43  42  41
( 40  60):    40  39  38  37  36  35  34  33  32  31
( 40  70):    30  29  28  27  26  25  24  23  22  21
( 40  80):    20  19  18  17  16  15  14  13  12  11
( 40  90):    10   9   8   7   6   5   4   3   2   1

( 41   0):     1   1   1   1   1   1   1   1   1   1
( 41  10):     1   1   1   1   1   1   1   1   1   1
( 41  20):     1   1   1   1   1   1   1   1   1   1
( 41  30):     1   1   1   1   1   1   1   1   1   1
( 41  40):    60  59  58  57  56  55  54  53  52  51
( 41  50):    50  49  48  47  46  45  44  43  42  41
( 41  60):    40  39  38  37  36  35  34  33  32  31
( 41  70):    30  29  28  27  26  25  24  23  22  21
( 41  80):    20  19  18  17  16  15  14  13  12  11
( 41  90):    10   9   8   7   6   5   4   3   2   1

( 42   0):     1   1   1   1   1   1   1   1   1   1
( 42  10):     1   1   1   1   1   1   1   1   1   1
( 42  20):     1   1   1   1   1   1   1   1   1   1
( 42  30):     1   1   1   1   1   1   1   1   1   1
( 42  40):     1  59  58  57  56  55  54  53  52  51
( 42  50):    50  49  48  47  46  45  44  43  42  41
( 42  60):    40  39  38  37  36  35  34  33  32  31
( 42  70):    30  29  28  27  26  25  24  23  22  21
( 42  80):    20  19  18  17  16  15  14  13  12  11
( 42  90):    10   9   8   7   6   5   4   3   2   1

( 43   0):     1   1   1   1   1   1   1   1   1   1
( 43  10):     1   1   1   1   1   1   1   1   1   1
( 43  20):     1   1   1   1   1   1   1   1   1   1
( 43  30):     1   1   1   1   1   1   1   1   1   1
( 43  40):     1   1  58  57  56  55  54  53  52  51
( 43  50):    50  49  48  47  46  45  44  43  42  41
( 43  60):    40  39  38  37  36  35  34  33  32  31
( 43  70):    30  29  28  27  26  25  24  23  22  21
( 43  80):    20  19  18  17  16  15  14  13  12  11
( 43  90):    10   9   8   7   6   5   4   3   2   1

( 44   0):     1   1   1   1   1   1   1   1   1   1
( 44  10):     1   1   1   1   1   1   1   1   1   1
( 44  20):     1   1   1   1   1   1   1   1   1   1
( 44  30):     1   1   1   1   1   1   1   1   1   1
( 44  40):     1   1   1  57  56  55  54  53  52  51
( 44  50):    50  49  48  47  46  45  44  43  42  41
( 44  60):    40  39  38  37  36  35  34  33  32  31
( 44  70):    30  29  28  27  26  25  24  23  22  21
( 44  80):    20  19  18  17  16  15  14  13  12  11
( 44  90):    10   9   8   7   6   5   4   3   2   1

( 45   0):     1   1   1   1   1   1   1   1   1   1
( 45  10):     1   1   1   1   1   1   1   1   1   1
( 45  20):     1   1   1   1   1   1   1   1   1   1
( 45  30):     1   1   1   1   1   1   1   1   1   1
( 45  40):     1   1   1   1  56  55  54  53  52  51
( 45  50):    50  49  48  47  46  45  44  43  42  41
( 45  60):    40  39  38  37  36  35  34  33  32  31
( 45  70):    30  29  28  27  26  25  24  23  22  21
( 45  80):    20  19  18  17  16  15  14  13  12  11
( 45  90):    10   9   8   7   6   5   4   3   2   1

( 46   0):     1   1   1   1   1   1   1   1   1   1
( 46  10):     1   1   1   1   1   1   1   1   1   1
( 46  20):     1   1   1   1   1   1   1   1   1   1
( 46  30):     1   1   1   1   1   1   1   1   1   1
( 46  40):     1   1   1   1   1  55  54  53  52  51
( 46  50):    50  49  48  47  46  45  44  43  42  41
( 46  60):    40  39  38  37  36  35  34  33  32  31
( 46  70):    30  29  28  27  26  25  24  23  22  21
( 46  80):    20  19  18  17  16  15  14  13  12  11
( 46  90):    10   9   8   7   6   5   4   3   2   1

( 47   0):     1   1   1   1   1   1   1   1   1   1
( 47  10):     1   1   1   1   1   1   1   1   1   1
( 47  20):     1   1   1   1   1   1   1   1   1   1
( 47  30):     1   1   1   1   1   1   1   1   1   1
( 47  40):     1   1   1   1   1   1  54  53  52  51
( 47  50):    50  49  48  47  46  45  44  43  42  41
( 47  60):    40  39  38  37  36  35  34  33  32  31
( 47  70):    30  29  28  27  26  25  24  23  22  21
( 47  80):    20  19  18  17  16  15  14  13  12  11
( 47  90):    10   9   8   7   6   5   4   3   2   1

( 48   0):     1   1   1   1   1   1   1   1   1   1
( 48  10):     1   1   1   1   1   1   1   1   1   1
( 48  20):     1   1   1   1   1   1   1   1   1   1
( 48  30):     1   1   1   1   1   1   1   1   1   1
( 48  40):     1   1   1   1   1   1   1  53  52  51
( 48  50):    50  49  48  47  46  45  44  43  42  41
( 48  60):    40  39  38  37  36  35  34  33  32  31
( 48  70):    30  29  28  27  26  25  24  23  22  21
( 48  80):    20  19  18  17  16  15  14  13  12  11
( 48  90):    10   9   8   7   6   5   4   3   2   1

( 49   0):     1   1   1   1   1   1   1   1   1   1
( 49  10):     1   1   1   1   1   1   1   1   1   1
( 49  20):     1   1   1   1   1   1   1   1   1   1
( 49  30):     1   1   1   1   1   1   1   1   1   1
( 49  40):     1   1   1   1   1   1   1   1  52  51
( 49  50):    50  49  48  47  46  45  44  43  42  41
( 49  60):    40  39  38  37  36  35  34  33  32  31
( 49  70):    30  29  28  27  26  25  24  23  22  21
( 49  80):    20  19  18  17  16  15  14  13  12  11
( 49  90):    10   9   8   7   6   5   4   3   2   1

( 50   0):     1   1   1   1   1   1   1   1   1   1
( 50  10):     1   1   1   1   1   1   1   1   1   1
( 50  20):     1   1   1   1   1   1   1   1   1   1
( 50  30):     1   1   1   1   1   1   1   1   1   1
( 50  40):     1   1   1   1   1   1   1   1   1  51
( 50  50):    50  49  48  47  46  45  44  43  42  41
( 50  60):    40  39  38  37  36  35  34  33  32  31
( 50  70):    30  29  28  27  26  25  24  23  22  21
( 50  80):    20  19  18  17  16  15  14  13  12  11
( 50  90):    10   9   8   7   6   5   4   3   2   1

( 51   0):     1   1   1   1   1   1   1   1   1   1
( 51  10):     1   1   1   1   1   1   1   1   1   1
( 51  20):     1   1   1   1   1   1   1   1   1   1
( 51  30):     1   1   1   1   1   1   1   1   1   1
( 51  40):     1   1   1   1   1   1   1   1   1   1
( 51  50):    50  49  48  47  46  45  44  43  42  41
( 51  60):    40  39  38  37  36  35  34  33  32  31
( 51  70):    30  29  28  27  26  25  24  23  22  21
( 51  80):    20  19  18  17  16  15  14  13  12  11
( 51  90):    10   9   8   7   6   5   4   3   2   1

( 52   0):     1   1   1   1   1   1   1   1   1   1
( 52  10):     1   1   1   1   1   1   1   1   1   1
( 52  20):     1   1   1   1   1   1   1   1   1   1
( 52  30):     1   1   1   1   1   1   1   1   1   1
( 52  40):     1   1   1   1   1   1   1   1   1   1
( 52  50):     1  49  48  47  46  45  44  43  42  41
( 52  60):    40  39  38  37  36  35  34  33  32  31
( 52  70):    30  29  28  27  26  25  24  23  22  21
( 52  80):    20  19  18  17  16  15  14  13  12  11
( 52  90):    10   9   8   7   6   5   4   3   2   1

( 53   0):     1   1   1   1   1   1   1   1   1   1
( 53  10):     1   1   1   1   1   1   1   1   1   1
( 53  20):     1   1   1   1   1   1   1   1   1   1
( 53  30):     1   1   1   1   1   1   1   1   1   1
( 53  40):     1   1   1   1   1   1   1   1   1   1
( 53  50):     1   1  48  47  46  45  44  43  42  41
( 53  60):    40  39  38  37  36  35  34  33  32  31
( 53  70):    30  29  28  27  26  25  24  23  22  21
( 53  80):    20  19  18  17  16  15  14  13  12  11
( 53  90):    10   9   8   7   6   5   4   3   2   1

( 54   0):     1   1   1   1   1   1   1   1   1   1
( 54  10):     1   1   1   1   1   1   1   1   1   1
( 54  20):     1   1   1   1   1   1   1   1   1   1
( 54  30):     1   1   1   1   1   1   1   1   1   1
( 54  40):     1   1   1   1   1   1   1   1   1   1
( 54  50):     1   1   1  47  46  45  44  43  42  41
( 54  60):    40  39  38  37  36  35  34  33  32  31
( 54  70):    30  29  28  27  26  25  24  23  22  21
( 54  80):    20  19  18  17  16  15  14  13  12  11
( 54  90):    10   9   8   7   6   5   4   3   2   1

( 55   0):     1   1   1   1   1   1   1   1   1   1
( 55  10):     1   1   1   1   1   1   1   1   1   1
( 55  20):     1   1   1   1   1   1   1   1   1   1
( 55  30):     1   1   1   1   1   1   1   1   1   1
( 55  40):     1   1   1   1   1   1   1   1   1   1
( 55  50):     1   1   1   1  46  45  44  43  42  41
( 55  60):    40  39  38  37  36  35  34  33  32  31
( 55  70):    30  29  28  27  26  25  24  23  22  21
( 55  80):    20  19  18  17  16  15  14  13  12  11
( 55  90):    10   9   8   7   6   5   4   3   2   1

( 56   0):     1   1   1   1   1   1   1   1   1   1
( 56  10):     1   1   1   1   1   1   1   1   1   1
( 56  20):     1   1   1   1   1   1   1   1   1   1
( 56  30):     1   1   1   1   1   1   1   1   1   1
( 56  40):     1   1   1   1   1   1   1   1   1   1
( 56  50):     1   1   1   1   1  45  44  43  42  41
( 56  60):    40  39  38  37  36  35  34  33  32  31
( 56  70):    30  29  28  27  26  25  24  23  22  21
( 56  80):    20  19  18  17  16  15  14  13  12  11
( 56  90):    10   9   8   7   6   5   4   3   2   1

( 57   0):     1   1   1   1   1   1   1   1   1   1
( 57  10):     1   1   1   1   1   1   1   1   1   1
( 57  20):     1   1   1   1   1   1   1   1   1   1
( 57  30):     1   1   1   1   1   1   1   1   1   1
( 57  40):     1   1   1   1   1   1   1   1   1   1
( 57  50):     1   1   1   1   1   1  44  43  42  41
( 57  60):    40  39  38  37  36  35  34  33  32  31
( 57  70):    30  29  28  27  26  25  24  23  22  21
( 57  80):    20  19  18  17  16  15  14  13  12  11
( 57  90):    10   9   8   7   6   5   4   3   2   1

( 58   0):     1   1   1   1   1   1   1   1   1   1
( 58  10):     1   1   1   1   1   1   1   1   1   1
( 58  20):     1   1   1   1   1   1   1   1   1   1
( 58  30):     1   1   1   1   1   1   1   1   1   1
( 58  40):     1   1   1   1   1   1   1   1   1   1
( 58  50):     1   1   1   1   1   1   1  43  42  41
( 58  60):    40  39  38  37  36  35  34  33  32  31
( 58  70):    30  29  28  27  26  25  24  23  22  21
( 58  80):    20  19  18  17  16  15  14  13  12  11
( 58  90):    10   9   8   7   6   5   4   3   2   1

( 59   0):     1   1   1   1   1   1   1   1   1   1
( 59  10):     1   1   1   1   1   1   1   1   1   1
( 59  20):     1   1   1   1   1   1   1   1   1   1
( 59  30):     1   1   1   1   1   1   1   1   1   1
( 59  40):     1   1   1   1   1   1   1   1   1   1
( 59  50):     1   1   1   1   1   1   1   1  42  41
( 59  60):    40  39  38  37  36  35  34  33  32  31
( 59  70):    30  29  28  27  26  25  24  23  22  21
( 59  80):    20  19  18  17  16  15  14  13  12  11
( 59  90):    10   9   8   7   6   5   4   3   2   1

( 60   0):     1   1   1   1   1   1   1   1   1   1
( 60  10):     1   1   1   1   1   1   1   1   1   1
( 60  20):     1   1   1   1   1   1   1   1   1   1
( 60  30):     1   1   1   1   1   1   1   1   1   1
( 60  40):     1   1   1   1   1   1   1   1   1   1
( 60  50):     1   1   1   1   1   1   1   1   1  41
( 60  60):    40  39  38  37  36  35  34  33  32  31
( 60  70):    30  29  28  27  26  25  24  23  22  21
( 60  80):    20  19  18  17  16  15  14  13  12  11
( 60  90):    10   9   8   7   6   5   4   3   2   1

( 61   0):     1   1   1   1   1   1   1   1   1   1
( 61  10):     1   1   1   1   1   1   1   1   1   1
( 61  20):     1   1   1   1   1   1   1   1   1   1
( 61  30):     1   1   1   1   1   1   1   1   1   1
( 61  40):     1   1   1   1   1   1   1   1   1   1
( 61  50):     1   1   1   1   1   1   1   1   1   1
( 61  60):    40  39  38  37  36  35  34  33  32  31
( 61  70):    30  29  28  27  26  25  24  23  22  21
( 61  80):    20  19  18  17  16  15  14  13  12  11
( 61  90):    10   9   8   7   6   5   4   3   2   1

( 62   0):     1   1   1   1   1   1   1   1   1   1
( 62  10):     1   1   1   1   1   1   1   1   1   1
( 62  20):     1   1   1   1   1   1   1   1   1   1
( 62  30):     1   1   1   1   1   1   1   1   1   1
( 62  40):     1   1   1   1   1   1   1   1   1   1
( 62  50):     1   1   1   1   1   1   1   1   1   1
( 62  60):     1  39  38  37  36  35  34  33  32  31
( 62  70):    30  29  28  27  26  25  24  23  22  21
( 62  80):    20  19  18  17  16  15  14  13  12  11
( 62  90):    10   9   8   7   6   5   4   3   2   1

( 63   0):     1   1   1   1   1   1   1   1   1   1
( 63  10):     1   1   1   1   1   1   1   1   1   1
( 63  20):     1   1   1   1   1   1   1   1   1   1
( 63  30):     1   1   1   1   1   1   1   1   1   1
( 63  40):     1   1   1   1   1   1   1   1   1   1
( 63  50):     1   1   1   1   1   1   1   1   1   1
( 63  60):     1   1  38  37  36  35  34  33  32  31
( 63  70):    30  29  28  27  26  25  24  23  22  21
( 63  80):    20  19  18  17  16  15  14  13  12  11
( 63  90):    10   9   8   7   6   5   4   3   2   1

( 64   0):     1   1   1   1   1   1   1   1   1   1
( 64  10):     1   1   1   1   1   1   1   1   1   1
( 64  20):     1   1   1   1   1   1   1   1   1   1
( 64  30):     1   1   1   1   1   1   1   1   1   1
( 64  40):     1   1   1   1   1   1   1   1   1   1
( 64  50):     1   1   1   1   1   1   1   1   1   1
( 64  60):     1   1   1  37  36  35  34  33  32  31
( 64  70):    30  29  28  27  26  25  24  23  22  21
( 64  80):    20  19  18  17  16  15  14  13  12  11
( 64  90):    10   9   8   7   6   5   4   3   2   1

( 65   0):     1   1   1   1   1   1   1   1   1   1
( 65  10):     1   1   1   1   1   1   1   1   1   1
( 65  20):     1   1   1   1   1   1   1   1   1   1
( 65  30):     1   1   1   1   1   1   1   1   1   1
( 65  40):     1   1   1   1   1   1   1   1   1   1
( 65  50):     1   1   1   1   1   1   1   1   1   1
( 65  60):     1   1   1   1  36  35  34  33  32  31
( 65  70):    30  29  28  27  26  25  24  23  22  21
( 65  80):    20  19  18  17  16  15  14  13  12  11
( 65  90):    10   9   8   7   6   5   4   3   2   1

( 66   0):     1   1   1   1   1   1   1   1   1   1
( 66  10):     1   1   1   1   1   1   1   1   1   1
( 66  20):     1   1   1   1   1   1   1   1   1   1
( 66  30):     1   1   1   1   1   1   1   1   1   1
( 66  40):     1   1   1   1   1   1   1   1   1   1
( 66  50):     1   1   1   1   1   1   1   1   1   1
( 66  60):     1   1   1   1   1  35  34  33  32  31
( 66  70):    30  29  28  27  26  25  24  23  22  21
( 66  80):    20  19  18  17  16  15  14  13  12  11
( 66  90):    10   9   8   7   6   5   4   3   2   1

( 67   0):     1   1   1   1   1   1   1   1   1   1
( 67  10):     1   1   1   1   1   1   1   1   1   1
( 67  20):     1   1   1   1   1   1   1   1   1   1
( 67  30):     1   1   1   1   1   1   1   1   1   1
( 67  40):     1   1   1   1   1   1   1   1   1   1
( 67  50):     1   1   1   1   1   1   1   1   1   1
( 67  60):     1   1   1   1   1   1  34  33  32  31
( 67  70):    30  29  28  27  26  25  24  23  22  21
( 67  80):    20  19  18  17  16  15  14  13  12  11
( 67  90):    10   9   8   7   6   5   4   3   2   1

( 68   0):     1   1   1   1   1   1   1   1   1   1
( 68  10):     1   1   1   1   1   1   1   1   1   1
( 68  20):     1   1   1   1   1   1   1   1   1   1
( 68  30):     1   1   1   1   1   1   1   1   1   1
( 68  40):     1   1   1   1   1   1   1   1   1   1
( 68  50):     1   1   1   1   1   1   1   1   1   1
( 68  60):     1   1   1   1   1   1   1  33  32  31
( 68  70):    30  29  28  27  26  25  24  23  22  21
( 68  80):    20  19  18  17  16  15  14  13  12  11
( 68  90):    10   9   8   7   6   5   4   3   2   1

( 69   0):     1   1   1   1   1   1   1   1   1   1
( 69  10):     1   1   1   1   1   1   1   1   1   1
( 69  20):     1   1   1   1   1   1   1   1   1   1
( 69  30):     1   1   1   1   1   1   1   1   1   1
( 69  40):     1   1   1   1   1   1   1   1   1   1
( 69  50):     1   1   1   1   1   1   1   1   1   1
( 69  60):     1   1   1   1   1   1   1   1  32  31
( 69  70):    30  29  28  27  26  25  24  23  22  21
( 69  80):    20  19  18  17  16  15  14  13  12  11
( 69  90):    10   9   8   7   6   5   4   3   2   1

( 70   0):     1   1   1   1   1   1   1   1   1   1
( 70  10):     1   1   1   1   1   1   1   1   1   1
( 70  20):     1   1   1   1   1   1   1   1   1   1
( 70  30):     1   1   1   1   1   1   1   1   1   1
( 70  40):     1   1   1   1   1   1   1   1   1   1
( 70  50):     1   1   1   1   1   1   1   1   1   1
( 70  60):     1   1   1   1   1   1   1   1   1  31
( 70  70):    30  29  28  27  26  25  24  23  22  21
( 70  80):    20  19  18  17  16  15  14  13  12  11
( 70  90):    10   9   8   7   6   5   4   3   2   1

( 71   0):     1   1   1   1   1   1   1   1   1   1
( 71  10):     1   1   1   1   1   1   1   1   1   1
( 71  20):     1   1   1   1   1   1   1   1   1   1
( 71  30):     1   1   1   1   1   1   1   1   1   1
( 71  40):     1   1   1   1   1   1   1   1   1   1
( 71  50):     1   1   1   1   1   1   1   1   1   1
( 71  60):     1   1   1   1   1   1   1   1   1   1
( 71  70):    30  29  28  27  26  25  24  23  22  21
( 71  80):    20  19  18  17  16  15  14  13  12  11
( 71  90):    10   9   8   7   6   5   4   3   2   1

( 72   0):     1   1   1   1   1   1   1   1   1   1
( 72  10):     1   1   1   1   1   1   1   1   1   1
( 72  20):     1   1   1   1   1   1   1   1   1   1
( 72  30):     1   1   1   1   1   1   1   1   1   1
( 72  40):     1   1   1   1   1   1   1   1   1   1
( 72  50):     1   1   1   1   1   1   1   1   1   1
( 72  60):     1   1   1   1   1   1   1   1   1   1
( 72  70):     1  29  28  27  26  25  24  23  22  21
( 72  80):    20  19  18  17  16  15  14  13  12  11
( 72  90):    10   9   8   7   6   5   4   3   2   1

( 73   0):     1   1   1   1   1   1   1   1   1   1
( 73  10):     1   1   1   1   1   1   1   1   1   1
( 73  20):     1   1   1   1   1   1   1   1   1   1
( 73  30):     1   1   1   1   1   1   1   1   1   1
( 73  40):     1   1   1   1   1   1   1   1   1   1
( 73  50):     1   1   1   1   1   1   1   1   1   1
( 73  60):     1   1   1   1   1   1   1   1   1   1
( 73  70):     1   1  28  27  26  25  24  23  22  21
( 73  80):    20  19  18  17  16  15  14  13  12  11
( 73  90):    10   9   8   7   6   5   4   3   2   1

( 74   0):     1   1   1   1   1   1   1   1   1   1
( 74  10):     1   1   1   1   1   1   1   1   1   1
( 74  20):     1   1   1   1   1   1   1   1   1   1
( 74  30):     1   1   1   1   1   1   1   1   1   1
( 74  40):     1   1   1   1   1   1   1   1   1   1
( 74  50):     1   1   1   1   1   1   1   1   1   1
( 74  60):     1   1   1   1   1   1   1   1   1   1
( 74  70):     1   1   1  27  26  25  24  23  22  21
( 74  80):    20  19  18  17  16  15  14  13  12  11
( 74  90):    10   9   8   7   6   5   4   3   2   1

( 75   0):     1   1   1   1   1   1   1   1   1   1
( 75  10):     1   1   1   1   1   1   1   1   1   1
( 75  20):     1   1   1   1   1   1   1   1   1   1
( 75  30):     1   1   1   1   1   1   1   1   1   1
( 75  40):     1   1   1   1   1   1   1   1   1   1
( 75  50):     1   1   1   1   1   1   1   1   1   1
( 75  60):     1   1   1   1   1   1   1   1   1   1
( 75  70):     1   1   1   1  26  25  24  23  22  21
( 75  80):    20  19  18  17  16  15  14  13  12  11
( 75  90):    10   9   8   7   6   5   4   3   2   1

( 76   0):     1   1   1   1   1   1   1   1   1   1
( 76  10):     1   1   1   1   1   1   1   1   1   1
( 76  20):     1   1   1   1   1   1   1   1   1   1
( 76  30):     1   1   1   1   1   1   1   1   1   1
( 76  40):     1   1   1   1   1   1   1   1   1   1
( 76  50):     1   1   1   1   1   1   1   1   1   1
( 76  60):     1   1   1   1   1   1   1   1   1   1
( 76  70):     1   1   1   1   1  25  24  23  22  21
( 76  80):    20  19  18  17  16  15  14  13  12  11
( 76  90):    10   9   8   7   6   5   4   3   2   1

( 77   0):     1   1   1   1   1   1   1   1   1   1
( 77  10):     1   1   1   1   1   1   1   1   1   1
( 77  20):     1   1   1   1   1   1   1   1   1   1
( 77  30):     1   1   1   1   1   1   1   1   1   1
( 77  40):     1   1   1   1   1   1   1   1   1   1
( 77  50):     1   1   1   1   1   1   1   1   1   1
( 77  60):     1   1   1   1   1   1   1   1   1   1
( 77  70):     1   1   1   1   1   1  24  23  22  21
( 77  80):    20  19  18  17  16  15  14  13  12  11
( 77  90):    10   9   8   7   6   5   4   3   2   1

( 78   0):     1   1   1   1   1   1   1   1   1   1
( 78  10):     1   1   1   1   1   1   1   1   1   1
( 78  20):     1   1   1   1   1   1   1   1   1   1
( 78  30):     1   1   1   1   1   1   1   1   1   1
( 78  40):     1   1   1   1   1   1   1   1   1   1
( 78  50):     1   1   1   1   1   1   1   1   1   1
( 78  60):     1   1   1   1   1   1   1   1   1   1
( 78  70):     1   1   1   1   1   1   1  23  22  21
( 78  80):    20  19  18  17  16  15  14  13  12  11
( 78  90):    10   9   8   7   6   5   4   3   2   1

( 79   0):     1   1   1   1   1   1   1   1   1   1
( 79  10):     1   1   1   1   1   1   1   1   1   1
( 79  20):     1   1   1   1   1   1   1   1   1   1
( 79  30):     1   1   1   1   1   1   1   1   1   1
( 79  40):     1   1   1   1   1   1   1   1   1   1
( 79  50):     1   1   1   1   1   1   1   1   1   1
( 79  60):     1   1   1   1   1   1   1   1   1   1
( 79  70):     1   1   1   1   1   1   1   1  22  21
( 79  80):    20  19  18  17  16  15  14  13  12  11
( 79  90):    10   9   8   7   6   5   4   3   2   1

( 80   0):     1   1   1   1   1   1   1   1   1   1
( 80  10):     1   1   1   1   1   1   1   1   1   1
( 80  20):     1   1   1   1   1   1   1   1   1   1
( 80  30):     1   1   1   1   1   1   1   1   1   1
( 80  40):     1   1   1   1   1   1   1   1   1   1
( 80  50):     1   1   1   1   1   1   1   1   1   1
( 80  60):     1   1   1   1   1   1   1   1   1   1
( 80  70):     1   1   1   1   1   1   1   1   1  21
( 80  80):    20  19  18  17  16  15  14  13  12  11
( 80  90):    10   9   8   7   6   5   4   3   2   1

( 81   0):     1   1   1   1   1   1   1   1   1   1
( 81  10):     1   1   1   1   1   1   1   1   1   1
( 81  20):     1   1   1   1   1   1   1   1   1   1
( 81  30):     1   1   1   1   1   1   1   1   1   1
( 81  40):     1   1   1   1   1   1   1   1   1   1
( 81  50):     1   1   1   1   1   1   1   1   1   1
( 81  60):     1   1   1   1   1   1   1   1   1   1
( 81  70):     1   1   1   1   1   1   1   1   1   1
( 81  80):    20  19  18  17  16  15  14  13  12  11
( 81  90):    10   9   8   7   6   5   4   3   2   1

( 82   0):     1   1   1   1   1   1   1   1   1   1
( 82  10):     1   1   1   1   1   1   1   1   1   1
( 82  20):     1   1   1   1   1   1   1   1   1   1
( 82  30):     1   1   1   1   1   1   1   1   1   1
( 82  40):     1   1   1   1   1   1   1   1   1   1
( 82  50):     1   1   1   1   1   1   1   1   1   1
( 82  60):     1   1   1   1   1   1   1   1   1   1
( 82  70):     1   1   1   1   1   1   1   1   1   1
( 82  80):     1  19  18  17  16  15  14  13  12  11
( 82  90):    10   9   8   7   6   5   4   3   2   1

( 83   0):     1   1   1   1   1   1   1   1   1   1
( 83  10):     1   1   1   1   1   1   1   1   1   1
( 83  20):     1   1   1   1   1   1   1   1   1   1
( 83  30):     1   1   1   1   1   1   1   1   1   1
( 83  40):     1   1   1   1   1   1   1   1   1   1
( 83  50):     1   1   1   1   1   1   1   1   1   1
( 83  60):     1   1   1   1   1   1   1   1   1   1
( 83  70):     1   1   1   1   1   1   1   1   1   1
( 83  80):     1   1  18  17  16  15  14  13  12  11
( 83  90):    10   9   8   7   6   5   4   3   2   1

( 84   0):     1   1   1   1   1   1   1   1   1   1
( 84  10):     1   1   1   1   1   1   1   1   1   1
( 84  20):     1   1   1   1   1   1   1   1   1   1
( 84  30):     1   1   1   1   1   1   1   1   1   1
( 84  40):     1   1   1   1   1   1   1   1   1   1
( 84  50):     1   1   1   1   1   1   1   1   1   1
( 84  60):     1   1   1   1   1   1   1   1   1   1
( 84  70):     1   1   1   1   1   1   1   1   1   1
( 84  80):     1   1   1  17  16  15  14  13  12  11
( 84  90):    10   9   8   7   6   5   4   3   2   1

( 85   0):     1   1   1   1   1   1   1   1   1   1
( 85  10):     1   1   1   1   1   1   1   1   1   1
( 85  20):     1   1   1   1   1   1   1   1   1   1
( 85  30):     1   1   1   1   1   1   1   1   1   1
( 85  40):     1   1   1   1   1   1   1   1   1   1
( 85  50):     1   1   1   1   1   1   1   1   1   1
( 85  60):     1   1   1   1   1   1   1   1   1   1
( 85  70):     1   1   1   1   1   1   1   1   1   1
( 85  80):     1   1   1   1  16  15  14  13  12  11
( 85  90):    10   9   8   7   6   5   4   3   2   1

( 86   0):     1   1   1   1   1   1   1   1   1   1
( 86  10):     1   1   1   1   1   1   1   1   1   1
( 86  20):     1   1   1   1   1   1   1   1   1   1
( 86  30):     1   1   1   1   1   1   1   1   1   1
( 86  40):     1   1   1   1   1   1   1   1   1   1
( 86  50):     1   1   1   1   1   1   1   1   1   1
( 86  60):     1   1   1   1   1   1   1   1   1   1
( 86  70):     1   1   1   1   1   1   1   1   1   1
( 86  80):     1   1   1   1   1  15  14  13  12  11
( 86  90):    10   9   8   7   6   5   4   3   2   1

( 87   0):     1   1   1   1   1   1   1   1   1   1
( 87  10):     1   1   1   1   1   1   1   1   1   1
( 87  20):     1   1   1   1   1   1   1   1   1   1
( 87  30):     1   1   1   1   1   1   1   1   1   1
( 87  40):     1   1   1   1   1   1   1   1   1   1
( 87  50):     1   1   1   1   1   1   1   1   1   1
( 87  60):     1   1   1   1   1   1   1   1   1   1
( 87  70):     1   1   1   1   1   1   1   1   1   1
( 87  80):     1   1   1   1   1   1  14  13  12  11
( 87  90):    10   9   8   7   6   5   4   3   2   1

( 88   0):     1   1   1   1   1   1   1   1   1   1
( 88  10):     1   1   1   1   1   1   1   1   1   1
( 88  20):     1   1   1   1   1   1   1   1   1   1
( 88  30):     1   1   1   1   1   1   1   1   1   1
( 88  40):     1   1   1   1   1   1   1   1   1   1
( 88  50):     1   1   1   1   1   1   1   1   1   1
( 88  60):     1   1   1   1   1   1   1   1   1   1
( 88  70):     1   1   1   1   1   1   1   1   1   1
( 88  80):     1   1   1   1   1   1   1  13  12  11
( 88  90):    10   9   8   7   6   5   4   3   2   1

( 89   0):     1   1   1   1   1   1   1   1   1   1
( 89  10):     1   1   1   1   1   1   1   1   1   1
( 89  20):     1   1   1   1   1   1   1   1   1   1
( 89  30):     1   1   1   1   1   1   1   1   1   1
( 89  40):     1   1   1   1   1   1   1   1   1   1
( 89  50):     1   1   1   1   1   1   1   1   1   1
( 89  60):     1   1   1   1   1   1   1   1   1   1
( 89  70):     1   1   1   1   1   1   1   1   1   1
( 89  80):     1   1   1   1   1   1   1   1  12  11
( 89  90):    10   9   8   7   6   5   4   3   2   1

( 90   0):     1   1   1   1   1   1   1   1   1   1
( 90  10):     1   1   1   1   1   1   1   1   1   1
( 90  20):     1   1   1   1   1   1   1   1   1   1
( 90  30):     1   1   1   1   1   1   1   1   1   1
( 90  40):     1   1   1   1   1   1   1   1   1   1
( 90  50):     1   1   1   1   1   1   1   1   1   1
( 90  60):     1   1   1   1   1   1   1   1   1   1
( 90  70):     1   1   1   1   1   1   1   1   1   1
( 90  80):     1   1   1   1   1   1   1   1   1  11
( 90  90):    10   9   8   7   6   5   4   3   2   1

( 91   0):     1   1   1   1   1   1   1   1   1   1
( 91  10):     1   1   1   1   1   1   1   1   1   1
( 91  20):     1   1   1   1   1   1   1   1   1   1
( 91  30):     1   1   1   1   1   1   1   1   1   1
( 91  40):     1   1   1   1   1   1   1   1   1   1
( 91  50):     1   1   1   1   1   1   1   1   1   1
( 91  60):     1   1   1   1   1   1   1   1   1   1
( 91  70):     1   1   1   1   1   1   1   1   1   1
( 91  80):     1   1   1   1   1   1   1   1   1   1
( 91  90):    10   9   8   7   6   5   4   3   2   1

( 92   0):     1   1   1   1   1   1   1   1   1   1
( 92  10):     1   1   1   1   1   1   1   1   1   1
( 92  20):     1   1   1   1   1   1   1   1   1   1
( 92  30):     1   1   1   1   1   1   1   1   1   1
( 92  40):     1   1   1   1   1   1   1   1   1   1
( 92  50):     1   1   1   1   1   1   1   1   1   1
( 92  60):     1   1   1   1   1   1   1   1   1   1
( 92  70):     1   1   1   1   1   1   1   1   1   1
( 92  80):     1   1   1   1   1   1   1   1   1   1
( 92  90):     1   9   8   7   6   5   4   3   2   1

( 93   0):     1   1   1   1   1   1   1   1   1   1
( 93  10):     1   1   1   1   1   1   1   1   1   1
( 93  20):     1   1   1   1   1   1   1   1   1   1
( 93  30):     1   1   1   1   1   1   1   1   1   1
( 93  40):     1   1   1   1   1   1   1   1   1   1
( 93  50):     1   1   1   1   1   1   1   1   1   1
( 93  60):     1   1   1   1   1   1   1   1   1   1
( 93  70):     1   1   1   1   1   1   1   1   1   1
( 93  80):     1   1   1   1   1   1   1   1   1   1
( 93  90):     1   1   8   7   6   5   4   3   2   1

( 94   0):     1   1   1   1   1   1   1   1   1   1
( 94  10):     1   1   1   1   1   1   1   1   1   1
( 94  20):     1   1   1   1   1   1   1   1   1   1
( 94  30):     1   1   1   1   1   1   1   1   1   1
( 94  40):     1   1   1   1   1   1   1   1   1   1
( 94  50):     1   1   1   1   1   1   1   1   1   1
( 94  60):     1   1   1   1   1   1   1   1   1   1
( 94  70):     1   1   1   1   1   1   1   1   1   1
( 94  80):     1   1   1   1   1   1   1   1   1   1
( 94  90):     1   1   1   7   6   5   4   3   2   1

( 95   0):     1   1   1   1   1   1   1   1   1   1
( 95  10):     1   1   1   1   1   1   1   1   1   1
( 95  20):     1   1   1   1   1   1   1   1   1   1
( 95  30):     1   1   1   1   1   1   1   1   1   1
( 95  40):     1   1   1   1   1   1   1   1   1   1
( 95  50):     1   1   1   1   1   1   1   1   1   1
( 95  60):     1   1   1   1   1   1   1   1   1   1
( 95  70):     1   1   1   1   1   1   1   1   1   1
( 95  80):     1   1   1   1   1   1   1   1   1   1
( 95  90):     1   1   1   1   6   5   4   3   2   1

( 96   0):     1   1   1   1   1   1   1   1   1   1
( 96  10):     1   1   1   1   1   1   1   1   1   1
( 96  20):     1   1   1   1   1   1   1   1   1   1
( 96  30):     1   1   1   1   1   1   1   1   1   1
( 96  40):     1   1   1   1   1   1   1   1   1   1
( 96  50):     1   1   1   1   1   1   1   1   1   1
( 96  60):     1   1   1   1   1   1   1   1   1   1
( 96  70):     1   1   1   1   1   1   1   1   1   1
( 96  80):     1   1   1   1   1   1   1   1   1   1
( 96  90):     1   1   1   1   1   5   4   3   2   1

( 97   0):     1   1   1   1   1   1   1   1   1   1
( 97  10):     1   1   1   1   1   1   1   1   1   1
( 97  20):     1   1   1   1   1   1   1   1   1   1
( 97  30):     1   1   1   1   1   1   1   1   1   1
( 97  40):     1   1   1   1   1   1   1   1   1   1
( 97  50):     1   1   1   1   1   1   1   1   1   1
( 97  60):     1   1   1   1   1   1   1   1   1   1
( 97  70):     1   1   1   1   1   1   1   1   1   1
( 97  80):     1   1   1   1   1   1   1   1   1   1
( 97  90):     1   1   1   1   1   1   4   3   2   1

( 98   0):     1   1   1   1   1   1   1   1   1   1
( 98  10):     1   1   1   1   1   1   1   1   1   1
( 98  20):     1   1   1   1   1   1   1   1   1   1
( 98  30):     1   1   1   1   1   1   1   1   1   1
( 98  40):     1   1   1   1   1   1   1   1   1   1
( 98  50):     1   1   1   1   1   1   1   1   1   1
( 98  60):     1   1   1   1   1   1   1   1   1   1
( 98  70):     1   1   1   1   1   1   1   1   1   1
( 98  80):     1   1   1   1   1   1   1   1   1   1
( 98  90):     1   1   1   1   1   1   1   3   2   1

( 99   0):     1   1   1   1   1   1   1   1   1   1
( 99  10):     1   1   1   1   1   1   1   1   1   1
( 99  20):     1   1   1   1   1   1   1   1   1   1
( 99  30):     1   1   1   1   1   1   1   1   1   1
( 99  40):     1   1   1   1   1   1   1   1   1   1
( 99  50):     1   1   1   1   1   1   1   1   1   1
( 99  60):     1   1   1   1   1   1   1   1   1   1
( 99  70):     1   1   1   1   1   1   1   1   1   1
( 99  80):     1   1   1   1   1   1   1   1   1   1
( 99  90):     1   1   1   1   1   1   1   1   2   1

