 152 140 134 149 147 155 144 144 147 147 142 145 129 143 153 155
 148 149 154 155 147 153 148 148 150 152 142 151 157 155 159 162
 173 164 143 147 155 152 149 151 157 156 138 149 162 158 145 143
 146 150 156 159 151 150 151 152 152 147 148 150 153 159 148 144
 136 142 147 150 154 161 157 150 144 151 161 157 152 158 146 154
 151 154 153 158 161 159 161 162 159 154 148 154 152 150 147 141
 141 151 153 163 155 156 156 164 154 162 148 160 173 160 152 164
 160 160 158 159 144 140 155 162 135 143 143 146 158 166 162 161
 155 160 160 163 152 157 152 152 136 136 129 119 102  87  57  35
  41  42  37  31  30  31  34  38  58  80  72 101 124 131 147 147
 145 153 150 140 147 160 144 146 139 140 121 106  81  38  33  40
  33  31  32  35  34  43  52  42  35  87  98  91 130 144 153 150
 133 143 154 141 144 154 141 142 144 157 158 159 171 163 132 139
 150 153 139 151 167 156 143 131 133 144 154 150 151 159 162 170
 165 136 136 143 151 158 143 134 143 151 152 156 166 146 119 128
 156 154 129 145 150 145 150 139 128 126 129  80  76  50  32  33
  38  33  24  29  36  37  48  61  77  84  95 126 155 141 150 159
 148 139 144 143 148 150 152 154 146 111 115  99  75  21  24  32
  35  32  36  32  25  16  49  64  61  96 114 135 150 147 157 156
 145 145 162 158 146 154 152 141 152 118  90  65  66  38  34  28
  29  26  25  24  22  28  32  27  23  28  32  26  23  28  27  27
  30  24  32  30  34  44  26  54 107 121 140 147 173 175 171 156
 158 170 171 167 173 177 168 160 163 174 185 176 174 179 176 181
 179 167 173 180 172 170 170 168 156 128 131 100  42  46  48  24
  24  25  27  31  33  29  25  28  31  29  29  32  34  31  27  24
  27  28  37  30  41  37  54  57  91 127 165 158 177 173 178 176
 185 190 183 191 200 187 181 189 182 186 198 186 178 192 183 161
 173 194 202 212 212 199 191 174 181 161 140  76  58  41  34  30
  23  25  24  25  24  25  28  23  18  24  34  32  30  26  27  23
  33  24  24  31  36  51  79  86 118 130 180 165 167 180 207 203
 199 198 192 201 201 184 170 175 183 169 137 105  49  22  28  27
  26  25  26  25  28  27  33  25  21  24  28  27  27  31  33  29
  30  29  31  36  43  40  66  82 128 153 183 205 212 208 210 211
 215 214 210 219 224 213 198 185 162 156 140  90  42  56  58  41
  42  44  37  43  41  45  59 103 159 141 173 205 216 213 209 225
 236 221 206 206 214 207 197 204 207 212 222 218 211 220 225 217
 224 210 213 224 229 218 211 198 174 185 114  90  39  41  29  32
  35  34  29  24  25  28  29  28  35  34  32  29  26  25  26  28
  25  23  22  26  30  29  27  29  29  25  41  37  27  30  27  30
  29  32  36  33  36  46  38  87 117 160 174 200 187 205 215 217
 210 207 206 212 215 216 200 191 164 160 119 106  51  48  51  50
  49  43  36  49  60  59  46  91 152 158 183 191 190 201 197 196
 203 217 203 192 205 213 204 188 189 201 212 212 203 201 203 196
 205 198 179 181 195 204 191 188 140 145  97  90  63  50  42  43
  38  42  41  41  41  32  28  35  36  38  37  30  27  29  29  27
  32  35  36  35  34  34  33  31  26  28  26  34  33  31  41  37
  39  38  36  39  28  35  50  93 107 141 165 190 191 183 170 183
 189 199 204 189 183 195 202 203 194 179 178 203 203 171 168 196
 202 201 196 179 169 188 203 195 180 137  98  80  59  59  57  56
  52  45  40  44  52  42  39  35  36  40  45  36  34  38  35  40
  46  38  36  40  49  47  52  53  75  93 139 199 171 198 191 172
 172 192 203 196 180 179 197 208 181 170 124 116  95  58  53  26
  44  47  58  54  52  44  44  51  42  38  44  49  49  46  41  43
  48  46  45  39  45  48  43  52  50  81 104 197 177 187 194 190
 186 203 208 212 208 187 185 206 205 197 184 149 143  95  64  69
  59  60  58  63  67  59  54  59  59  65  92 139 162 192 189 194
 202 204 206 209 204 198 202 205 204 204 210 160 149 113  66  58
  54  61  57  52  52  53  57  57  69  66  67 116 140 180 201 214
 217 191 198 210 205 213 214 195 192 209 214 200 194 136 111  70
  59  45  47  58  59  50  59  59  58  48  82  76  89 137 175 198
 213 206 202 201 204 212 226 208 189 197 213 206 218 159 154 122
  88  50  60  54  52  48  49  57  52  55  53  49  58  52  48  49
  56  55  55  51  48  52  54  52  60  61  69  83  84 132 144 179
 210 198 204 200 216 214 211 207 214 210 208 210 222 210 214 213
 217 220 219 206 208 211 216 219 221 208 207 218 224 209 208 208
 207 209 222 215 203 205 224 223 227 214 213 200 211 213 236 185
 155 119  72  62  52  49  50  53  47  45  44  46  46  44  40  36
  37  40  42  34  44  42  44  42  43  33  31  37  42  41  36  38
  33  39  34  33  42  38  30  36  43  37  32  35  38  34  33  39
  49  40  33  37  37  41  42  43  43  60  50  48  51  55  71  65
  77 125 166 186 217 214 222 227 222 217 228 224 216 212 223 218
 217 216 171 155 107  70  72  74  71  62  63  58  59  57  66  81
  80 106 126 177 220 219 226 229 221 229 236 236 230 221 215 215
 222 218 209 195 139  98  79  64  66  58  55  58  58  54  54  59
  63  58  53  54  54  50  48  51  59  56  55  58  63  67  70  69
  84  77  80 109 139 188 225 222 232 231 224 229 240 248 236 229
 231 225 232 237 230 214 216 221 242 231 219 227 238 244 240 227
 216 221 236 221 229 212 159 124 108 101  77  81  83  64  78  76
  78  72  85  86  90 107 145 172 234 229 235 218 214 219 226 234
 239 231 229 237 250 232 226 218 220 231 241 227 223 224 231 232
 232 228 229 230 239 239 243 193 172 141 106  96  87  74  73  72
  70  72  75  76  84  89  79 102 134 188 201 229 225 222 221 229
 238 225 219 218 218 229 236 234 222 205 212 229 237 238 226 214
 208 220 223 223 216 211 218 230 233 212 177 153 115 103  73  73
  73  61  62  62  62  63  66  59  61  64  66  68  69  65  59  60
  66  60  65  71  71  69  69  73  71  67  74 107 164 194 211 236
 230 213 198 223 240 237 214 201 204 228 233 230 219 205 210 217
 227 231 221 205 209 228 229 215 209 215 218 225 227 210 140 130
 103  97  81  73  81  77  70  76  72  77  78  78  67  89 112 167
 174 231 221 222 219 207 212 231 224 210 207 208 217 223 217 219
 151  93 106 103  79  72  61  66  68  64  62  62  59  63  62  67
  61  61  61  59  68  55  60  67  69  67  68  71  72  68  75  82
  71 106 141 198 202 225 208 202 208 207 211 208 202 201 208 219
 224 225 229 215 218 225 232 227 208 202 214 219 223 207 191 202
 215 220 221 214 212 209 204 213 216 208 208 200 213 227 216 203
 190 202 222 234 194 176 123 106  94 101  78  70  79  78  75  76
  77  74  84  82  75  70 106 148 168 207 209 207 208 194 195 211
 213 215 196 189 204 219 209 192 161 123 116  84  86  74  65  68
  67  66  68  59  53  62  64  61  66  66  73  68  61  67  71  68
  63  63  54  75  70  82  89  69  63  95 101 154 180 197 186 182
 200 208 207 200 198 201 193 193 206 201 196 191 177 184 200 209
 206 189 184 193 209 215 204 191 179 200 195 182 201 201 176 182
 198 197 194 190 196 199 196 201 196 179 187 201 191 188 190 165
 142 117  99  89  75  82  82  70  69  77  81  80  95 106  87 108
 125 140 183 190 200 176 166 182 183 197 194 173 167 190 199 193
 203 169 164 121 114  96 100  89  85  79  76  79  79  72  74  87
  98  82  77 127 162 173 196 197 193 177 178 186 198 208 204 203
 198 202 213 205 171 163 187 197 206 200 186 182 194 212 218 202
 191 192 197 204 205 203 200 193 193 211 217 202 198 196 193 207
 210 196 194 205 211 213 212 203 194 202 206 213 219 208 189 184
 199 212 217 204 193 203 212 202 207 204 182 198 207 216 213 200
 193 206 210 212 208 205 199 203 213 208 206 210 208 213 226 226
 220 214 212 207 218 211 202 196 200 215 228 214 207 219 225 216
 229 232 203 193 209 216 218 210 200 216 222 219 227 223 205 208
 217 225 235 230 210 203 201 209 221 227 215 213 214 218 226 206
 197 208 217 224 227 226 224 215 213 221 230 222 204 207 228 240
 232 211 204 212 212 214 222 219 206 214 229 234 229 210 199 221
 231 218 223 218 206 210 214 216 226 218 212 225 227 215 212 206
 217 217 216 218 214 213 223 230 229 221 208 204 214 223 220 211
 209 215 228 229 225 221 211 206 207 214 223 229 213 208 221 231
 233 215 206 214 213 221 233 220 207 203 218 215 214 218 204 201

.
 126 131 127 122 138 138 134 140 125 135 143 131 122 129 148 122
 143 130 130 131 139 136 141 135 140 128 122 123 136 140 141 146
 148 147 147 137 136 136 134 139 131 140 140 123 125 136 128 129
 137 152 170 171 136 143 146 147 141 141 136 144 137 137 134 134
 150 140 142 138 139 142 126 139 138 136 149 151 145 145 138 141
 144 149 142 144 143 143 139 141 136 133 134 165 167 165 171 162
 164 148 145 142 140 141 139 126 134 134 156 157 161 160 161 160
 144 141 139 138 132 129 147 142 135 152 171 150 152 161 165 148
 152 146 111 129 142 142 153 155 149 154 158 157 151 158 164 157
 154 136 121 106  95  62  29  34  37  24  26  27  33  33  33  32
  58  70  80 100 145 131 142 142 149 151 149 149 146 149 158 135
 120 120  96  92  58  38  28  28  23  21  20  24  24  29  28  52
  71  83 123 120 144 146 165 158 155 158 169 156 148 158 131 114
 134 151 153 168 170 153 156 155 152 150 161 167 133 143 157 134
 129 149 170 171 169 158 160 150 154 153 156 134 139 145 139 143
 153 163 154 166 174 175 173 161 159 148 143 144 141 139 148 128
 124  94  63  30  16  27  27  29  27  27  24  26  26  41  73  97
 139 146 160 161 183 150 155 155 115 138 145 136 134 138 145 119
 101  77  57  35  27  25  24  29  37  24  31  44  53  66 115 119
 142 151 177 152 152 149 157 149 158 142 140 147 149 136 127 120
  85  55  41  23  28  21  12  21  18  21  22  19  16  18  28  28
  28  25  24  25  23  23  25  30  30  30  21  71  68 110 133 163
 152 168 192 167 166 152 138 144 156 165 158 174 182 185 182 171
 159 171 172 170 169 139 151 160 154 157 156 172 156 153 132 101
  39  41  36  29  26  17  21  22  30  27  24  29  27  21  19  23
  22  21  20  22  19  26  29  31  33  28  52  78 120 129 179 151
 161 162 162 165 158 175 191 191 171 177 188 203 197 200 176 170
 173 163 162 159 153 154 164 191 194 181 192 151 163 121  65  69
  31  33  35  33  27  20  19  21  30  25  21  18  16  21  24  25
  26  28  29  27  25  23  19  24  36  55  86 111 126 166 152 156
 164 162 175 180 162 169 181 200 189 189 162 139 122  73  53  38
  29  29  30  28  25  29  29  29  32  23  19  19  22  20  20  25
  29  26  29  28  29  33  35  39  51  71  99 137 141 162 166 171
 159 195 194 183 199 199 194 203 199 193 159 169 135  63  65  31
  35  36  30  40  42  43  48  53  46  71 100 132 143 159 165 185
 180 174 200 190 191 213 231 210 199 191 184 177 176 168 154 162
 178 200 210 206 215 219 222 200 180 188 144 139 103  70  43  40
  36  30  29  32  32  32  32  33  31  26  22  29  29  26  24  25
  24  22  23  23  26  19  21  26  29  26  25  32  32  28  27  29
  28  30  34  39  29  29  27  53  51 104 147 166 167 178 191 190
 193 195 193 210 204 212 198 201 196 133 130 108  83  63  34  52
  48  45  43  41  36  43  52  54  64 116 154 153 196 184 186 196
 194 222 223 210 199 206 217 191 175 167 170 179 189 206 203 209
 223 220 217 205 188 197 197 192 186 151 158 104  89  56  39  43
  40  36  36  40  41  34  35  29  28  28  31  29  30  30  34  33
  36  34  34  28  28  29  33  35  37  31  29  30  35  34  37  36
  39  34  36  40  43  48  54  47  71 128 147 186 188 194 204 219
 225 214 215 211 204 187 184 183 197 187 185 202 216 209 215 219
 226 220 211 208 204 208 211 186 199 167 147 112  97  82  49  52
  51  47  44  45  46  36  35  30  36  38  41  46  34  42  39  41
  46  42  40  41  42  47  52  50  61  75 108 162 208 195 224 225
 220 192 193 196 202 202 200 191 196 186 167 139 118  64  52  46
  41  43  43  47  45  45  34  38  42  37  37  37  38  36  36  41
  43  46  49  47  46  47  45  43  44  59 112 150 203 197 219 225
 214 206 213 200 203 204 201 203 205 192 188 177 166 118  51  60
  52  54  55  55  59  55  57  57  63  78  83 125 167 188 225 228
 204 222 207 214 216 204 198 196 185 192 195 215 151 160 100  67
  56  53  54  53  50  50  50  58  48  66  78 112 140 192 205 223
 224 214 210 213 180 195 183 195 191 195 228 191 205 135 136  62
  66  62  58  60  58  63  56  54  59  62  71 112 124 155 210 215
 227 213 193 195 218 214 205 208 189 197 215 215 198 207 118 107
  62  58  45  63  59  52  54  51  50  49  50  49  46  53  54  49
  52  48  55  56  58  54  49  60  61  65  63  57  81 118 150 178
 214 204 206 199 205 212 221 215 216 204 207 219 213 222 216 215
 224 232 226 222 199 221 217 217 210 206 207 205 234 234 231 218
 221 230 233 217 209 214 205 220 208 212 184 213 233 227 229 180
 152 106  54  56  59  57  54  57  61  51  54  56  55  50  49  52
  49  51  47  45  39  38  40  38  36  31  35  30  33  35  33  36
  36  38  38  37  36  33  33  32  38  36  36  35  37  35  36  37
  44  39  32  38  44  52  45  40  43  48  52  54  55  51  58  76
  95 124 152 213 197 205 204 205 206 206 214 201 223 217 213 218
 232 216 157 141 113  85  59  59  56  58  65  67  60  67  71  66
  66  90 122 174 201 204 220 203 202 212 209 214 208 227 219 229
 228 219 225 191 143 115  92  58  80  64  58  60  61  55  59  57
  56  55  57  61  58  54  52  50  58  54  54  59  66  64  65  64
  69  73  80  67 132 155 205 214 211 213 186 208 197 215 221 218
 217 219 236 234 221 210 209 219 221 228 218 215 208 212 212 227
 223 213 224 229 233 219 184 166 126 103  87  82  77  88  70  73
  74  79  73  70  89  90 121 146 166 212 204 210 209 208 218 220
 231 226 221 215 224 237 237 230 228 221 225 223 213 210 214 218
 225 219 227 216 214 223 225 228 217 180 125 118  86 100  87  79
  71  65  71  81  79  74  77  80 109 134 150 202 200 206 214 201
 215 212 230 233 225 220 226 231 244 224 225 221 206 219 224 223
 209 200 222 229 220 229 221 212 222 230 238 198 160 133 108  83
  79  74  73  69  66  64  59  50  54  64  70  65  63  61  57  57
  62  62  63  61  60  63  59  62  69  75  83  91  70 129 156 182
 206 207 212 208 195 222 235 242 242 233 225 228 223 220 205 194
 196 214 211 199 214 203 199 243 243 234 227 220 228 226 222 216
 175 139 118  95  85  76  84  78  74  84  73  70  71  78  72  89
  77 126 151 200 209 220 217 205 212 220 231 233 226 212 217 221
 230 199 199 157 108  94  74  95  80  64  65  65  64  60  63  63
  62  57  57  57  59  62  64  63  62  63  61  64  70  71  75  74
  83  78  75  85 103 108 177 189 213 225 222 222 229 236 236 235
 222 202 208 217 210 196 180 198 202 211 233 217 208 219 228 243
 254 236 221 212 220 221 191 181 172 214 217 223 223 217 210 223
 231 232 227 216 209 201 211 212 187 191 132 120 108 108  87  76
  81  78  69  82  76  81  87  84  87  86  92 140 162 220 236 227
 224 223 223 224 230 218 200 198 209 195 205 194 179 146 130 119
  80  80  68  68  72  75  78  59  66  72  75  74  59  75  71  69
  68  68  61  71  68  71  72  79  86  82  77  81  75  82  79 119
 157 189 219 231 231 213 197 214 233 216 217 209 200 207 213 221
 214 201 206 218 231 237 226 222 232 232 238 220 211 193 194 201
 194 217 208 192 219 233 237 229 215 215 228 236 238 218 190 191
 173 187 197 215 214 181 139 108 108  81  77  78  75  81  88  85
  90  92  98  88  83  99 109 171 226 218 231 237 213 214 212 228
 227 193 182 175 211 208 196 219 187 149 133 118  91  94 100  96
  84  78  72  93  80  93  92  99 106 110 148 215 241 250 246 219
 214 208 214 215 216 201 203 205 213 225 225 222 221 226 244 238
 241 207 207 219 204 204 206 212 210 211 223 221 222 233 218 220
 246 245 234 211 225 226 196 209 208 188 171 207 208 218 221 214
 204 231 235 242 241 215 197 210 196 215 215 209 201 219 228 228
 229 233 233 241 231 234 227 203 211 218 212 214 205 208 213 214
 229 220 217 220 216 227 250 244 234 201 205 205 210 221 215 216
 215 216 217 216 217 226 221 225 221 231 232 192 195 198 197 206
 214 218 212 215 227 228 222 227 228 235 232 234 224 197 186 204
 210 212 213 214 213 227 229 219 216 214 227 237 214 220 220 203
 213 212 203 211 213 197 194 201 223 224 217 195 205 218 227 226
 207 213 190 209 199 213 218 200 211 215 228 218 217 197 210 216
 216 224 222 214 209 200 211 210 208 214 214 212 227 221 220 215
 215 228 200 208 204 211 208 206 199 212 217 206 218 216 225 223
 215 209 208 207 215 213 212 206 208 207 198 206 210 209 212 206

.
 104  90  93  93  93  96 103 105 105 101 104 101 103 100  98  98
  91 104  95  99 107  90  92  94  99 105 106  97  95 105 106 102
  96 100 107 104  93  92 119 113 110 112 107 110 104 100 109 104
 105 103 103 104 104 109 105 103 117 118 114 101 112 112 107 106
 100 103 103 105 101  97 121 122 104  95 126 116  90  93 111 107
 108 111 110  98 125 118 108 102 117 117 105 111 120 118 116 120
 109 111 118 116 107 110 113 116 105 108 112 114 111 116 113 111
 119 122 117 113 121 118 118 112 127 124 125 116 110 116 122 128
 119 115 112 119 119 117 123 128 136 119 117 110 123 137 115 107
 123 130 119 121 128 125 121 120 111 119 131 123 106 113 133 125
 120 123 127 120 129 130 105 124 149 137 114 113 124 146 144 123
 119 124 131 130 123 129 135 135 126 130 129 136 134 126 114 122
 129 133 125 122 137 137 135 128 144 138 136 128 117 116 137 137
 129 127 134 134 134 137 120 128 139 151 125 130 135 142 146 117
 127 132 137 152 120 126 129 141 132 117 142 133 141 146 123 131
 143 150 127 121 130 154 142 136 132 126 130 150 125 115 144 152
 136 135 133 148 150 151 133 135 150 148 143 139 133 143 145 148
 101 130 156 155 151 137 147 143 143 146 134 128 161 149 124 129
 142 157 156 143 138 118 148 174 138 143 146 151 156 164 132 134
 136 147 119  55  15  37  68  89  97 118 121 143 141 134 143 145
 142 133  99 142 145 142 103 102 102  58  24  26  20  14  11  15
  24  21  23  15  10  17  19  15  11  12  14  13  16  16  15  21
  22  24  38  46  89  90 133 138 148 146 155 151 165 178 145 135
 154 155 160 142 133 146 153 195 144 150 161 162 163 147 149 140
 154 146 134 122 115  90  53  42  27  24  21  17  18  22  15  19
  14  12  23  19  14  13  11  16  18  19  15  24  25  23  30  34
  26  43  98 117 134 142 144 149 157 169 173 154 133 155 170 179
 136 114 151 157 158 156 157 142 178 184 149 153 157 171 163 153
 135 119 142  68  48  38  27  27  24  20  17  16  15  23  24  22
  25  19  18  21  23  20  26  20  27  19  17  27  37  34  52  74
 115 116 147 151 152 161 175 168 130 154 163 163 170 166 132 117
 136  99  38  54  21  26  16  19  29  20  16  19  27  21  21  19
  22  20  19  20  22  19  22  21  20  20  25  31  17  65  72 106
 149 157 147 155 183 197 143 142 157 157 187 162 142 142 159 132
  64  75  41  32  35  33  30  30  42  34  32  57  53  69 140 140
 154 163 186 177 190 168 152 157 173 217 177 172 185 169 213 188
 164 164 177 193 182 178 130 168 183 206 174 161 176 150 113 123
  51  32  26  32  27  21  21  25  20  27  23  21  19  23  23  22
  29  24  19  20  16  17  16  18  12  23  24  20  23  21  27  26
  25  24  27  25  26  31  31  31  36  32  22  74 136 140 149 168
 180 193 198 182 178 158 185 204 154 178 183 169 155 144 103  60
  38  34  32  38  36  37  38  41  44  54  52  84 134 169 138 177
 197 214 183 183 186 187 218 191 158 180 198 203 200 200 183 183
 205 209 199 173 184 198 206 187 181 185 209 157 122 102  81  54
  49  39  34  40  36  35  41  33  31  29  29  27  24  25  27  25
  17  21  28  22  23  28  25  30  35  27  26  30  33  35  33  28
  21  34  39  32  31  32  44  53  52  63 101 132 155 182 213 210
 209 197 186 199 203 224 172 177 198 212 206 205 192 186 211 225
 206 192 188 198 201 212 185 191 196 200 154 158 130  89  59  53
  52  49  43  39  52  44  31  37  50  43  42  39  34  33  38  34
  26  41  40  41  33  38  31  43  57  60 117 135 156 201 208 210
 154 182 208 206 215 199 192 190 200 205 162 173 129 105  61  45
  49  41  42  33  35  39  38  36  31  34  38  43  45  36  36  38
  39  42  42  43  45  43  47  42  59  70  81 139 185 217 227 222
 192 181 182 193 186 188 182 183 202 216 196 180 149 118  78  56
  62  54  42  49  55  58  60  58  51  63  88 115 151 198 202 206
 184 196 191 208 226 206 198 189 197 217 205 202 160 125  97  62
  63  64  58  56  53  56  59  57  49  60  81 109 124 173 225 213
 200 205 210 199 223 210 199 191 195 219 219 221 168 134 118  85
  57  57  66  61  60  60  58  54  62  64  69  78 100 166 200 195
 213 214 206 193 232 217 200 198 189 207 242 226 186 159 144  96
  80  56  53  54  50  52  54  51  52  49  46  51  55  46  45  50
  54  51  41  48  52  53  59  53  42  64  62  75  85 111 139 179
 208 230 217 208 203 233 244 230 218 186 221 230 228 226 207 203
 230 235 223 212 212 216 246 239 219 206 218 223 248 228 218 203
 213 225 232 218 209 209 220 224 222 214 202 217 235 236 223 183
 173 120  72  74  54  56  63  60  52  52  48  52  51  44  41  45
  44  45  38  40  38  36  42  37  33  40  40  36  36  36  40  35
  35  39  50  37  38  38  42  38  41  41  42  43  41  44  41  42
  47  46  49  50  46  43  44  47  45  50  44  56  59  61  58  62
  75 107 137 176 244 229 212 207 207 217 236 225 222 214 211 215
 221 214 198 170 119 107  63  68  82  67  65  64  65  70  69  62
  64  89 103 114 164 200 217 219 215 217 224 230 224 220 208 207
 214 222 217 213 181 152 115 107  59  63  64  62  62  62  57  59
  62  65  60  58  56  63  60  61  63  59  61  58  63  57  61  64
  59  63  86  86  75 115 154 183 226 225 219 211 220 222 225 228
 222 215 219 225 232 233 225 218 219 231 234 222 220 213 219 233
 234 208 218 224 237 232 227 220 175 138 115 107  90  80  83  81
  75  80  81  82  87  81  98 101 107 143 204 224 210 230 225 215
 226 234 232 234 221 218 236 250 231 227 217 211 226 238 219 218
 212 217 227 235 222 213 210 222 236 232 215 180 164 118  96  97
 101  84  75  84  80  82  91  90  93  96  60  94 117 153 220 220
 225 214 219 219 224 234 222 219 214 218 230 234 230 226 218 221
 224 220 227 226 220 241 237 228 227 224 223 230 218 218 223 192
 170 129 112  82  82  82  84  83  74  76  62  74  77  79  87  78
  80  73  69  71  72  75  90  85  95  85  71  76  84  87  83  86
  89 118 137 176 226 238 217 224 217 216 232 230 236 228 222 218
 234 225 227 215 226 220 229 226 226 223 229 225 231 215 223 224
 224 227 233 224 235 223 229 227 228 229 226 222 227 240 225 231
 233 233 240 238 230 234 226 219 215 231 229 232 233 224 220 232
 228 228 230 226 232 235 232 233 228 223 229 233 231 228 229 224
 226 230 234 236 233 220 217 226 227 229 241 228 226 227 235 231
 226 214 218 214 229 230 219 214 214 225 225 233 227 210 214 220
 229 223 216 219 220 209 225 230 226 236 220 227 233 224 221 216
 222 225 234 233 225 222 219 222 241 227 225 224 220 227 227 234
 223 231 233 231 230 233 224 226 231 230 231 232 227 220 217 215
 230 233 224 224 215 223 231 233 212 220 218 217 230 237 239 230
 229 226 232 236 226 219 217 222 234 240 223 226 221 217 232 233
 225 227 208 229 241 236 219 214 226 233 237 234 214 219 218 228
 244 240 230 223 217 224 237 231 229 230 235 226 234 236 228 223
 217 222 242 234 228 222 218 225 234 233 228 224 224 230 239 238
 221 223 214 218 239 238 234 233 230 231 235 235 223 221 220 231
 234 232 229 228 224 222 236 236 231 226 222 221 225 234 232 215
 217 224 235 235 228 214 223 223 226 231 228 220 222 226 231 229
 227 221 218 220 228 235 225 210 217 217 231 235 229 230 216 216
 238 233 241 215 212 220 227 234 239 233 222 220 230 238 238 226
 211 215 220 230 240 231 204 222 225 232 240 221 215 209 224 234
 235 211 213 215 214 227 234 227 206 213 227 228 234 228 219 219
 220 226 238 228 217 211 223 231 235 220 218 223 218 219 230 219
 195 218 234 221 230 221 223 206 217 225 227 225 216 216 217 226
 232 228 218 219 215 223 234 226 218 214 224 217 229 224 213 215
 215 223 244 226 216 214 212 219 225 221 219 216 223 226 236 224
 219 209 224 228 222 227 221 215 211 221 231 225 223 200 220 225
 226 222 200 212 219 220 228 220 207 216 226 224 222 215 213 214
 211 224 230 219 207 213 206 209 239 226 216 214 222 224 219 217
 211 208 208 220 219 222 213 200 212 214 230 239 223 200 207 214
 221 218 215 210 206 218 228 210 207 204 200 203 219 214 196 200
 210 217 228 216 212 205 202 206 230 220 191 203 209 214 219 225
 192 208 213 215 235 225 212 201 201 211 219 208 193 202 205 208
 213 205 199 200 207 224 213 189 192 198 199 207 219 203 172 196
 203 197 216 207 197 179 189 199 221 208 183 193 176 192 205 204

.
 108 123 132 138 119 119 122 132 141 120 123 118 135 144 123 121
 128 135 139 118 125 133 131 135 133 122 124 141 126 123 104 130
 144 135 128 121 123 148 141 117 119 125 124 138 134 128 135 145
 132 119 117 128 144 137 130 119 128 137 143 129 125 137 146 142
 134 132 141 146 132 134 132 119 172 150 116 134 130 150 153 123
 124 144 151 141 139 126 150 151 144 137 140 128 166 164 129 130
 143 158 147 132 137 144 146 149 133 131 140 151 163 151 133 136
 150 173 136 131 128 137 150 147 132 145 150 171 135 131 126 144
 182 146 128 148 147 174 143 143 148 150 152 155 143 146 150 148
 147 150 134 143 158 167 138 127 146 163 168 155 136 157 160 168
 151 149 156 163 185 163 144 143 165 172 151 146 150 160 180 156
 152 136 159 172 160 159 148 149 171 172 143 149 168 185 168 168
 163 145 178 167 141 148 148 185 148 156 159 159 159 178 153 136
 156 170 169 171 153 144 170 170 169 159 161 150 162 170 167 130
 157 185 168 151 160 146 183 187 154 143 165 171 169 162 165 168
 175 184 169 147 153 179 193 169 151 168 170 174 157 171 166 162
 188 178 158 156 185 193 168 171 154 161 170 167 155 168 178 175
 178 177 170 163 182 182 169 164 157 177 192 178 159 167 164 192
 181 181 156 161 181 168 107  86  60  21  44  44  42  30  45  51
  44  47  52  59  58  52  87  83  83 145 118 129 143 141 162 188
 164 171 178 179 178 160 168 162 184 185 166 169 168 175 192 177
 170 176 193 213 178 179 161 187 193 175 169 172 176 185 172 173
 177 172 209 202 178 173 185 196 190 184 169 160 185 195 175 182
 176 186 206 187 165 164 181 184 185 174 149 176 193 198 180 170
 190 185 196 193 152 160 196 197 186 161 172 177 188 177 166 163
 189 213 177 156 171 165 145 144 140 120 148 131 107  88  67  47
  57  57  41  41  44  39  44  40  34  42  45  29  29  30  33  35
  35  34  35  43  33  31  35  32  33  40  39  36  33  25  26  29
  29  35  29  26  22  28  29  29  29  32  29  31  28  32  28  35
  35  30  31  32  32  33  32  27  26  30  35  31  36  31  35  31
  30  28  27  31  31  29  28  27  42  44  38  37  37  35  23  20
  60  56  42 105 124 108 155 152 139 179 176 179 173 186 183 213
 196 196 174 185 209 195 188 169 193 197 202 193 171 183 200 221
 194 188 193 199 205 192 172 160 189 191 191 199 192 192 220 219
 169 180 163 184 171 172 108 129 167 108  84  84  51  61  69  24
  38  36  40  45  43  43  44  41  39  38  33  32  31  31  36  37
  32  27  29  34  35  34  36  36  31  29  29  28  28  31  33  32
  31  31  31  28  28  34  33  31  31  31  30  34  27  34  36  38
  30  32  31  31  34  33  32  31  39  35  32  33  33  34  35  32
  30  36  44  42  43  41  39  45  43  32  56  48  46  52  45  66
  96  94  79 123 128 143 157 152 138 193 172 173 191 198 211 199
 198 191 214 211 187 184 189 195 206 210 201 193 210 220 203 209
 208 178 208 216 191 193 203 197 222 200 198 184 191 206 204 198
 186 189 207 165 142 138 138 128 141  92  97  88  61  62  67  59
  50  55  58  61  67  47  55  53  51  57  50  48  48  55  52  49
  50  44  51  55  54  51  51  51  51  50  55  55  52  71  88  76
  82  95  93 138 128 142 160 174 196 214 176 174 198 208 215 189
 202 202 211 207 199 207 204 205 225 212 202 197 204 217 207 198
 200 199 222 208 179 179 208 205 209 204 210 208 211 224 209 205
 177 196 230 183 154 158 137 125 141  85  86  77  62  62  60  72
  69  53  56  51  37  56  57  56  56  53  51  52  54  63  48  49
  49  54  45  51  57  53  56  55  52  52  57  52  47  60  60  56
  96 103 106 135 134 132 166 172 174 208 189 190 197 199 210 213
 205 200 210 222 185 204 197 200 210 202 203 204 200 217 231 217
 209 207 212 221 203 203 186 203 220 212 193 205 200 217 226 207
 191 192 201 208 147 162 120 129 161 113  81  84  72  72  91  61
  66  71  52  56  56  50  50  57  59  59  59  57  56  58  57  62
  57  47  49  63  57  58  42  69  58  64  50  48  49  61  73  66
  71  99 105  90 119 130 164 154 140 200 216 222 212 204 192 226
 220 211 198 199 231 211 186 185 186 208 216 209 209 185 201 224
 223 209 209 204 225 213 182 196 189 204 220 226 208 199 194 223
 222 220 212 183 207 222 137 159 152 150 161 150 100 104  94  75
  72  71  68  69  67  53  57  55  61  56  54  53  52  55  46  49
  57  43  46  50  46  49  55  50  52  54  53  52  50  46  46  47
  47  46  46  48  47  50  52  53  56  52  51  52  56  59  56  52
  51  50  54  51  49  53  48  52  50  54  53  58  61  59  62  62
  60  56  62  59  62  58  56  59  58  55  37  50  61  75  75  70
  61  73  73  92  70  72 101 108 117 161 153 144 182 181 192 214
 206 204 220 226 237 224 208 206 222 206 195 205 218 215 225 223
 218 217 227 224 225 227 221 214 222 226 222 224 201 208 213 209
 224 215 210 222 236 231 217 217 219 227 226 222 217 211 219 225
 229 227 225 227 232 231 222 222 219 219 233 218 207 207 202 222
 230 220 220 218 229 235 229 227 227 224 223 223 218 217 214 221
 227 224 219 223 220 230 239 223 224 218 224 230 220 221 216 214
 219 220 231 239 239 230 231 226 222 227 232 222 224 224 215 215
 220 229 233 219 239 227 220 236 234 237 213 215 229 218 211 215
 206 215 221 217 217 224 212 223 234 234 224 220 204 202 204 149
 174 165 140 138 123  98 110  99  80  63  52  63  67  83  76  65
  43  66  66  64  60  59  61  62  69  66  57  60  72  60  50  49
  54  51  48  62  56  59  64  43  50  49  41  40  50  52  53  50
  54  54  53  52  58  48  50  50  47  47  48  51  52  54  49  49
  48  48  50  51  48  51  54  52  56  53  55  47  41  48  48  45
  39  38  46  50  51  49  50  51  53  54  53  47  61  54  49  51
  43  41  42  43  47  44  44  49  52  50  48  48  42  47  58  55
  47  46  49  48  51  52  55  55  52  51  49  51  53  53  50  48
  53  54  49  56  57  50  57  60  65  74  64  63  57  61  63  60
  66  65  70  72  75  73  66  75  84  82  73  93  90 120 141 171
 208 233 230 233 218 226 240 220 222 221 224 220 213 241 242 234
 237 233 241 226 227 234 219 223 230 221 217 216 216 226 230 249
 240 231 243 242 243 245 242 228 230 230 226 238 230 216 231 231
 237 245 234 227 241 237 240 230 230 236 221 225 225 221 225 236
 241 241 247 238 228 234 246 242 240 228 224 226 220 216 208 223
 218 224 245 246 244 236 234 236 240 241 237 229 227 231 225 227
 229 226 227 229 239 240 233 235 242 243 237 231 228 226 235 231
 225 223 224 227 233 231 235 240 224 243 249 249 240 239 242 222
 213 221 232 225 220 231 234 244 232 231 237 250 254 255 239 239
 237 228 232 229 223 230 237 240 249 255 250 246 233 238 242 249
 237 238 242 206 206 221 230 230 219 246 239 243 239 243 246 240
 233 236 235 233 236 237 230 227 216 224 234 242 238 240 240 240
 243 243 243 238 236 229 228 223 214 227 235 232 234 252 246 241
 240 242 255 244 234 238 219 214 218 228 219 215 217 235 254 244
 237 236 245 247 255 238 234 234 232 231 225 228 231 233 226 233
 251 245 242 238 254 250 251 233 235 236 224 228 231 235 232 221
 223 227 237 242 238 230 246 243 245 230 236 235 220 222 223 227
 217 222 245 245 242 235 236 231 243 239 238 228 231 230 219 221
 225 217 216 224 242 247 249 245 236 235 243 235 230 227 231 235
 230 230 229 229 233 235 244 240 246 242 237 243 237 243 242 231
 227 227 229 225 218 227 220 221 236 233 239 249 248 248 239 233
 234 235 221 215 220 218 223 230 228 229 243 244 246 244 243 246
 238 238 236 227 233 227 227 220 219 229 230 226 255 248 248 238
 244 245 243 236 233 234 223 217 229 224 220 226 236 234 235 236
 238 242 243 244 244 237 239 225 218 220 238 230 220 224 221 228
 248 242 235 241 241 242 241 237 236 218 212 223 231 229 219 222
 229 230 238 240 238 241 251 248 232 226 235 220 221 230 232 222
 217 220 233 234 248 244 240 241 244 240 239 233 231 224 224 215
 228 219 217 227 234 234 238 238 229 230 234 238 236 235 232 232
 235 230 231 226 227 229 233 238 243 247 243 242 233 238 239 231
 225 223 229 222 209 214 228 226 227 224 232 235 229 234 235 239
 239 236 229 229 232 231 232 225 215 217 221 232 242 245 241 246
 242 244 226 233 240 230 228 223 224 218 222 232 227 232 246 245
 236 243 241 240 236 234 230 218 224 221 220 217 213 222 220 241

.
 140 137 128 121 154 155 134 137 151 149 141 144 139 156 161 167
 142 139 153 161 158 150 123 144 153 158 160 145 148 161 153 151
 147 153 155 160 138 144 142 148 157 155 150 155 158 156 144 144
 149 155 157 160 142 153 150 169 158 156 142 138 153 159 153 147
 152 144 159 147 134 139 144 149 123  91  55  64  66  53  73 106
 119 142 137 143 145 155 171 179 149 141 155 160 166 165 152 148
 141 140 149 153 152 148 181 155 134 125 156 166 142 124 112 100
 113 115 117  90  70  80  76 106 123 145 178 167 160 151 143 176
 177 178 141 160 180 168 160 165 162 169 173 167 154 158 165 170
 166 169 170 168 175 192 172 173 165 163 186 182 168 164 170 187
 177 166 164 168 180 178 168 156 158 170 175 172 171 151 157 184
 186 171 139 153 193 179 155 172 170 178 179 185 175 158 172 178
 174 178 176 170 186 180 158 168 165 178 182 169 170 166 175 177
 173 177 179 180 188 184 188 166 173 195 189 178 167 180 179 182
 177 182 179 183 176 177 167 171 181 190 187 173 172 185 194 191
 172 174 194 189 185 184 176 183 198 199 183 180 188 196 192 194
 177 176 188 188 187 180 185 181 182 195 177 171 175 186 186 185
 175 173 169 199 181 175 181 182 188 188 192 181 193 187 185 174
 172 183 192 206 198 189 186 187 184 192 177 179 183 198 181 151
 174 180 190 196 185 169 166 172 190 185 169 181 184 191 183 172
 158 175 183 191 176 162 179 186 184 185 189 189 185 194 178 172
 183 172 175 185 181 177 187 197 185 180 173 167 190 184 178 182
 185 191 194 187 174 178 186 172 187 188 163 186 191 186 179 175
 188 181 201 197 175 169 179 194 182 193 180 180 205 205 192 178
 182 188 206 189 189 170 193 198 194 173 183 177 194 199 180 181
 186 193 188 188 163 185 190 214 183 182 185 203 181 182 165 174
 186 195 199 189 184 175 208 214 181 158 168 188 209 182 181 179
 199 205 209 193 175 195 201 203 183 182 181 186 205 189 194 178
 191 205 179 186 198 172 192 217 168 149 181 190 176 181 183 189
 185 193 172 162 179 178 208 203 181 187 186 184 202 195 187 182
 204 210 203 183 182 180 189 204 177 169 193 188 199 186 184 183
 189 210 196 175 189 190 208 193 189 195 186 194 199 178 174 181
 194 203 205 197 182 191 209 205 188 178 186 186 189 185 175 169
 203 197 192 177 186 203 212 213 200 180 186 200 196 192 186 173
 206 214 192 186 181 190 209 205 189 186 196 199 206 204 192 183
 198 202 195 180 195 198 210 204 185 192 168 196 195 215 199 183
 197 211 195 187 182 191 202 202 195 173 184 217 211 203 197 183
 202 216 186 189 191 196 214 205 188 183 191 208 211 194 175 169
 196 216 204 195 186 193 205 194 203 182 192 209 202 194 195 198
 201 205 210 204 184 192 213 201 186 188 201 196 201 202 198 194
 187 197 181 192 189 194 204 207 166 187 187 193 209 203 187 188
 204 204 181 186 186 199 209 197 170 177 190 202 202 195 190 180
 204 210 192 202 199 203 218 200 173 200 193 195 203 198 186 185
 188 205 203 186 201 194 201 202 185 188 207 215 212 193 202 177
 202 213 198 193 188 197 198 202 179 192 178 197 222 196 187 187
 203 209 198 197 199 192 221 213 183 197 198 207 212 206 195 197
 190 197 191 190 194 182 203 208 198 189 199 207 209 203 198 193
 193 209 209 210 201 205 201 202 207 200 193 203 194 196 191 186
 189 200 204 198 193 197 195 212 192 195 199 198 217 209 210 207
 198 207 210 202 197 188 196 200 188 198 202 203 206 205 196 193
 200 205 206 200 199 193 197 204 198 194 193 194 218 211 186 183
 195 212 216 196 190 203 192 218 192 197 196 185 208 220 180 201
 197 192 207 211 193 188 198 205 204 212 200 190 202 203 188 199
 201 194 212 199 181 194 190 214 212 196 189 187 203 209 201 188
 182 194 210 219 205 190 196 205 226 211 185 198 204 218 200 207
 199 192 206 206 189 194 188 188 223 218 206 186 200 220 218 206
 203 189 203 208 202 206 198 175 213 212 186 194 191 210 220 201
 179 203 205 218 207 205 198 179 203 215 210 205 203 206 217 213
 199 193 187 210 207 201 195 196 200 212 206 201 205 205 203 201
 192 202 196 198 216 202 195 183 191 218 225 207 190 179 195 217
 206 205 201 196 221 208 183 196 189 204 217 216 203 199 191 213
 213 211 204 196 209 218 197 200 196 205 218 206 208 196 196 225
 224 199 199 183 201 213 206 212 210 177 209 213 205 203 205 207
 225 209 201 211 215 218 213 212 204 189 193 205 208 212 208 195
 215 214 209 211 202 201 217 215 207 201 204 219 227 201 199 198
 203 214 205 208 206 193 216 220 203 204 196 190 223 209 186 205
 206 212 210 202 188 198 210 217 213 207 201 209 211 201 191 176
 194 212 226 208 207 202 206 219 227 209 208 201 206 217 204 198
 195 201 210 214 207 214 212 196 218 211 200 199 194 220 220 218
 206 197 213 213 200 203 198 206 214 215 210 200 203 199 215 215
 200 210 210 200 209 199 192 193 206 220 223 209 203 183 207 219
 219 207 206 205 212 214 204 209 207 209 212 214 206 198 211 229
 222 212 195 187 204 213 219 221 195 196 211 210 198 210 211 207
 228 218 200 194 213 215 224 224 211 203 195 214 220 216 214 206
 226 218 200 202 204 207 221 217 200 198 205 219 226 220 200 208
 212 226 222 216 214 200 217 219 217 225 210 203 215 211 206 215
 215 217 228 210 202 205 210 225 216 210 205 203 220 235 225 215
 208 209 208 211 210 217 217 214 227 209 195 214 213 215 217 212
 211 209 208 212 215 210 210 208 217 225 220 219 214 217 218 218
 209 213 214 217 228 219 213 217 219 219 231 214 210 213 206 209
 218 226 217 208 213 219 219 216 204 197 207 211 210 217 211 197
 229 224 213 211 204 213 219 213 205 215 219 223 213 201 210 217
 216 211 217 224 220 208 218 217 215 221 218 212 208 213 207 214
 222 222 220 220 214 211 209 216 219 213 207 213 208 218 221 227
 214 207 220 217 214 216 215 215 223 224 218 222 218 217 227 216
 214 217 211 217 222 216 210 220 219 226 231 224 218 222 226 230
 227 226 225 225 223 222 222 222 224 234 234 219 220 230 229 221
 224 221 216 230 230 223 223 225 223 222 222 224 220 223 208 207
 222 234 232 227 226 223 228 234 234 230 227 227 236 226 231 239
 232 229 245 229 229 225 221 229 231 224 215 232 240 236 231 227
 219 222 229 231 231 232 221 225 231 232 235 233 222 225 233 225
 223 234 234 231 236 233 226 228 231 234 239 241 236 232 234 237
 235 227 229 227 223 230 236 236 227 226 227 218 224 231 233 233
 232 229 239 238 224 222 221 224 225 227 221 221 227 226 225 230
 229 235 235 230 230 231 231 230 228 240 230 234 232 234 227 231
 227 225 234 232 233 234 231 233 231 230 229 233 229 234 233 232
 231 234 224 223 238 231 228 234 231 232 238 240 234 233 233 226
 239 236 230 227 229 233 232 223 222 229 225 229 232 232 229 234
 239 239 239 241 236 229 234 236 240 247 241 236 236 238 240 236
 228 224 230 242 244 240 237 229 230 234 239 240 239 237 233 229
 224 227 229 236 243 238 231 231 232 233 232 230 230 230 230 232
 234 233 236 231 235 239 231 230 241 242 235 235 240 237 236 241
 245 238 241 241 229 228 235 232 238 242 244 240 226 224 235 235
 241 240 233 226 220 226 226 233 234 238 243 242 240 237 232 233
 232 227 229 234 233 231 230 227 232 232 237 237 229 225 226 227
 232 236 235 235 238 235 234 242 237 239 236 231 233 235 234 239
 235 233 231 228 232 244 247 235 237 236 241 239 238 231 233 234
 233 240 236 234 237 238 230 243 245 243 246 246 237 231 235 237
 226 226 228 236 238 237 232 233 235 232 231 234 231 228 230 229
 233 232 229 232 236 234 232 233 225 217 228 229 228 232 244 243
 238 230 227 239 241 234 236 232 231 236 233 234 234 225 229 240
 240 232 229 241 244 240 228 230 239 243 230 235 237 238 239 225
 231 232 233 237 241 236 230 231 233 232 234 239 243 232 223 238
 239 234 230 228 227 240 245 243 241 242 242 240 234 231 233 232
 218 226 231 228 225 228 227 226 227 240 237 237 230 231 234 229
 228 233 236 240 221 236 239 235 234 234 227 229 233 227 225 230
 235 233 232 246 229 228 237 239 238 235 231 236 237 235 237 234
 234 236 239 237 234 225 229 230 238 242 239 231 230 221 226 229
 232 237 241 237 236 245 245 230 225 225 227 237 239 234 233 229
 235 232 226 227 230 233 240 244 236 234 235 224 227 230 227 226
 226 229 242 243 240 239 239 220 232 231 231 234 235 226 233 231

.
 169 162 161 154 154 157 167 171 168 161 167 166 173 169 163 164
 161 163 162 156 166 167 172 175 182 162 170 166 174 174 172 156
 165 166 168 167 161 166 170 176 170 162 162 165 163 164 155 161
 169 163 163 167 161 159 169 173 172 164 169 165 170 159 156 151
 172 178 158 158 157 171 187 186 160 162 170 183 172 171 163 159
 178 175 157 161 165 182 185 175 168 176 184 180 177 179 163 163
 168 159 155 164 170 175 180 178 160 176 185 187 182 163 162 177
 173 169 160 166 175 173 186 184 176 168 182 187 177 157 160 158
 165 167 160 159 159 187 184 181 176 171 181 171 163 170 164 169
 186 183 171 167 182 186 177 175 164 168 172 180 174 173 172 175
 179 177 165 166 180 180 177 174 175 178 189 193 183 173 184 173
 163 176 171 177 175 187 183 182 186 181 185 186 182 167 166 184
 188 189 176 180 179 185 189 195 181 165 178 191 184 181 165 181
 185 184 177 177 187 194 194 182 179 181 181 190 180 182 178 174
 175 187 189 183 186 192 191 176 186 181 204 196 179 181 181 181
 185 188 177 171 182 181 186 203 195 191 189 196 203 189 176 185
 181 184 179 187 189 205 208 191 192 181 196 197 186 198 182 190
 189 181 171 177 162 185 192 201 146 119  78  55  63  52  52  51
  51  55  62  49  52  50  46  46  44  42  39  40  43  50  50  41
  44  43  41  38  37  35  34  35  42  43  43  39  42  44  44  41
  44  51  44  45  43  42  45  48  42  41  38  34  35  38  31  35
  40  37  33  29  37  38  40  49  48  43  42  43  41  38  40  39
  47  36  42  45  47  49  53  51  54  49  64  76  97  97  85 122
 137 137 158 170 150 178 220 234 202 196 193 194 209 208 194 162
 193 206 196 191 196 190 201 213 200 196 187 199 215 197 198 189
 193 206 197 204 188 175 200 202 192 202 206 190 198 191 186 151
 144 145 111 112 116  63  89  88  40  53  56  55  46  54  49  42
  46  37  58  50  46  37  29  40  40  44  47  48  51  48  47  52
  51  56  49  46  42  40  57  45  36  70  92  81 112 106  77 112
 138 146 200 180 153 176 232 208 203 208 202 181 207 214 187 193
 180 187 206 202 186 195 200 206 219 215 207 198 203 195 199 210
 187 192 197 205 184 182 192 197 211 210 184 183 186 181 197 204
 163 156 126 134 140  62  77  54  44  57  58  45  47  50  42  45
  47  46  46  36  37  35  35  26  44  37  35  35  36  38  38  37
  31  33  35  33  33  34  34  31  30  34  37  34  21  34  42  34
  33  31  30  26  29  31  31  30  28  24  24  27  28  30  30  30
  33  33  31  32  34  35  34  28  23  28  24  20  20  23  24  28
  30  31  30  27  22  29  30  30  33  31  31  27  26  23  21  21
  20  25  27  28  28  28  31  32  30  29  28  26  22  24  27  25
  30  30  22  22  34  28  27  35  32  34  30  31  33  34  33  32
  33  31  27  30  34  34  36  33  30  29  31  31  32  32  27  27
  36  34  33  35  35  36  38  35  40  42  43  27  35  40  38  35
  33  32  36  46  45  47  44  45  45  42  43  43  43  47  50  43
  44  45  42  42  41  45  56  57  56  60  64  38  53  79 109 119
  88 103 140 155 183 208 151 167 198 203 223 226 195 207 203 209
 223 209 201 184 213 208 217 216 208 191 217 230 209 212 211 204
 217 209 208 197 207 214 213 215 207 192 221 224 220 213 217 216
 237 219 208 207 197 221 202 210 214 209 219 228 214 209 216 217
 220 213 199 210 208 206 214 211 201 203 211 224 230 230 215 215
 222 220 209 206 202 207 225 211 196 212 218 223 232 232 224 213
 229 221 210 215 198 211 217 209 200 217 207 222 237 223 215 211
 210 218 215 216 204 209 210 233 198 212 215 213 228 217 198 210
 214 216 236 215 208 203 221 221 191 205 210 195 222 223 228 206
 215 199 189 178 177 143 141 146 117 115 111  85  77  98  72  76
  75  64  60  57  61  59  50  53  47  50  50  51  52  53  50  47
  46  49  49  46  46  47  48  48  49  48  53  51  53  47  43  51
  54  45  48  49  48  45  38  40  47  47  50  45  44  49  40  44
  59  47  51  52  49  49  42  45  48  48  49  43  44  49  50  51
  56  56  53  54  60  56  48  55  55  64  58  48  71  60  56  59
  56  63  75 104 127 127 119 123 165 170 209 193 177 193 214 220
 216 210 208 200 219 218 206 196 189 204 225 211 197 204 211 221
 226 224 219 204 225 226 194 210 207 194 213 214 205 209 201 215
 233 224 207 210 200 204 226 209 182 174 160 125 127 130  89  94
  98  80  73  73  66  61  68  62  69  64  62  61  61  65  66  59
  58  60  54  59  65  70  63  60  56  58  57  61  69  63  55  50
  56  56  75  93  91  98 112 116 130 132 121 173 167 176 180 198
 201 231 234 221 229 208 199 215 219 221 204 201 209 209 208 209
 213 207 249 222 212 213 212 214 238 207 207 209 207 217 225 208
 209 201 223 214 218 222 207 200 189 181 189 176 136 132 122 130
 148  92  73  72  87  82  70  56  46  57  63  71  73  58  51  62
  59  56  56  58  64  63  59  60  61  58  54  51  62  61  60  64
  63  63  58  58  70  95  61  62 110 121 129 143  99 114 162 169
 183 184 181 185 202 210 229 224 217 214 210 219 220 215 201 207
 216 216 209 203 224 221 222 212 205 202 206 215 222 212 215 206
 204 212 212 206 188 211 216 214 206 209 205 193 210 200 206 189
 161 115 136 145 114 109  94  75  83  66  61  61  67  68  68  63
  63  70  71  46  58  66  54  56  59  62  58  62  67  66  67  62
  61  61  68  67  59  53  66  65  79  68  63  93 123 116 146 144
 121 127 175 178 188 180 145 202 226 238 231 226 217 209 220 222
 208 211 218 213 219 215 203 209 211 230 223 205 208 207 212 215
 220 213 205 199 220 226 203 185 208 210 227 199 199 203 198 203
 221 202 178 179 138 149 161  94  99 112  88  79  81  76  88  79
  53  59  59  50  51  51  50  55  61  55  49  52  58  62  63  54
  47  52  55  62  56  50  44  49  59  52  50  51  59  61  57  51
  55  52  54  53  52  54  54  53  50  50  59  64  60  63  65  59
  58  56  58  57  64  61  60  62  71  56  74  62  60  64  67  67
  64  70  70  72  73  73  73  74  73  88  82  83 128 173 193 230
 213 219 218 223 225 231 222 224 224 223 228 227 216 219 223 227
 245 234 225 232 233 233 233 232 236 227 233 223 224 221 198 211
 238 241 239 216 226 227 233 228 229 224 216 230 233 222 213 211
 209 231 235 232 224 227 224 231 228 222 215 207 223 223 224 210
 211 212 232 224 212 211 225 224 232 225 208 217 221 219 231 212
 201 171 150 125 111 105 106 103  84  91  90 116 120 134 210 189
 175 179 194 197 216 224 228 209 206 209 204 204 219 213 158 136
 107 102 102 144 201 230 220 212 193 182 118 102 105  95 105  96
  86  98 105 124 142 182 207 237 230 220 217 221 227 239 236 217
 220 226 229 228 218 213 209 224 228 218 220 210 225 233 235 224
 223 216 228 227 221 223 198 217 223 238 225 218 224 225 231 230
 226 233 233 230 237 223 211 214 214 222 232 224 208 208 215 228
 242 231 225 217 219 228 235 218 210 217 225 221 221 222 216 214
 231 232 231 229 228 224 225 226 211 220 213 214 227 227 222 215
 221 224 223 228 230 224 230 231 226 227 215 199 228 226 225 223
 214 215 222 226 228 228 235 227 231 226 220 204 214 214 224 234
 216 217 216 215 223 225 225 224 213 215 230 228 221 220 213 224
 222 218 218 220 220 226 232 234 227 221 220 217 213 211 209 211
 219 228 216 209 215 212 214 227 218 226 216 220 219 213 214 218
 213 214 217 219 219 222 218 216 228 221 215 222 224 221 233 223
 214 211 197 216 217 216 211 216 225 224 232 229 227 228 217 224
 225 223 220 219 214 220 217 214 214 208 213 224 223 237 213 208
 218 228 221 220 215 213 219 218 218 225 216 217 228 225 220 223
 225 222 222 215 211 211 213 220 216 214 211 216 215 224 221 225
 228 221 220 228 209 215 213 209 213 219 219 220 206 213 218 224
 223 221 222 216 221 223 221 221 213 212 213 212 211 214 204 214
 230 227 218 217 213 224 225 218 216 214 204 219 220 228 218 206
 209 218 220 219 215 218 224 223 222 209 208 208 207 222 215 205
 211 214 204 219 224 213 216 213 212 219 216 222 204 215 223 212
 208 205 212 207 214 215 214 210 214 216 221 215 208 213 208 218
 218 210 206 213 208 209 212 227 220 224 214 223 220 216 198 211
 209 212 221 210 205 206 204 214 221 215 213 213 212 220 222 208
 211 203 210 217 221 209 208 214 219 202 207 206 203 199 215 213
 208 203 202 208 209 207 207 213 202 202 211 212 203 223 212 207

.
 135 132 132 129 136 137 136 154 135 132 134 127 136 137 135 144
 130 122 134 134 142 144 136 135 142 138 130 136 132 132 146 151
 143 145 139 138 143 154 135 122 144 157 149 142 139 142 148 150
 129 134 144 139 144 151 142 137 147 146 146 140 143 140 147 152
 146 142 144 146 145 158 148 144 140 147 146 147 151 132 147 146
 127 156 153 150 149 144 143 143 145 139 144 144 146 134 145 150
 152 143 143 143 150 151 155 153 156 149 153 162 141 140 156 172
 157 150 148 149 144 156 156 151 158 159 159 152 158 155 158 166
 154 156 160 156 157 158 161 160 163 165 166 168 153 145 159 160
 166 148 151 144 155 162 159 152 153 147 161 171 152 158 156 153
 164 172 162 155 156 152 173 167 164 150 160 169 161 158 160 176
 173 188 164 154 151 146 165 168 161 160 167 170 164 167 165 160
 167 175 172 171 159 164 168 179 169 165 166 161 172 180 176 173
 165 169 173 175 173 154 168 179 172 170 176 175 170 187 172 163
 175 174 178 183 172 166 173 170 174 174 173 165 176 187 180 178
 174 168 172 179 178 174 175 183 182 183 179 175 182 182 180 178
 178 174 185 179 189 182 180 175 185 187 185 181 178 175 185 189
 184 169 183 177 187 200 175 175 182 183 185 187 185 180 180 187
 188 187 184 174 181 196 183 187 179 184 188 198 186 178 188 175
 187 200 190 192 193 173 195 183 187 189 190 193 192 188 186 170
 189 201 191 182 188 192 198 197 192 180 195 205 202 192 174 178
 199 193 210 184 194 194 201 204 198 197 191 193 198 205 200 185
 195 191 214 201 191 186 197 186 207 194 196 203 204 207 205 199
 197 162 202 207 191 195 186 192 197 203 194 177 191 198 217 203
 190 180 189 206 205 196 192 197 198 205 201 197 185 197 201 208
 197 190 189 187 205 211 195 195 188 211 208 199 188 193 201 193
 216 207 194 187 198 209 208 197 179 191 198 199 198 184 191 197
 210 214 186 138 130  91 109  81 125 151 194 218 210 201 177 178
 176 172 151 120  79  86  81  70 117 137 165 183 200 219 190 193
 196 190 204 202 194 201 199 204 202 196 188 199 208 220 216 199
 185 199 204 214 205 202 176 201 216 220 200 180 198 200 216 219
 203 192 202 214 218 209 199 195 207 214 213 204 199 199 204 226
 211 182 194 204 215 218 201 197 201 224 222 209 203 199 201 207
 216 204 188 201 215 211 214 199 192 196 213 210 205 191 186 181
 210 230 195 193 195 207 235 228 201 176 203 205 226 212 185 182
 207 220 205 193 181 198 214 212 202 180 200 199 221 230 195 186
 177 159 133 128  77  71  58  67  57  59  48  45  41  46  46  45
  49  45  45  32  36  50  43  43  38  39  46  43  39  41  41  45
  40  49  46  50  44  47  44  46  45  47  43  42  39  44  50  56
  70  64 128 157 171 214 191 194 200 215 223 201 170 172 202 213
 208 193 180 144 150 129 102  64  53  60  62  72  64  62  61  54
  64  66  97 126 165 190 190 194 183 197 221 231 210 205 199 209
 230 237 195 201 181 214 231 218 189 202 202 221 225 220 195 179
 215 224 214 206 170 137 134 137  65  45  54  49  46  46  44  34
  35  33  38  45  41  31  30  25  30  35  38  37  28  33  30  36
  40  36  40  37  37  33  39  47  42  42  41  49  43  38  47  41
  49  49  53  59  58  67 143 174 188 211 198 202 205 226 225 212
 207 209 222 239 229 199 186 201 215 233 211 204 190 202 227 213
 194 191 203 221 201 231 166 156 141 112  74  60  45  55  49  43
  50  46  49  48  47  34  38  41  40  42  45  44  41  44  46  52
  48  39  41  37  41  36  71 114 166 187 195 219 190 203 201 212
 214 214 191 193 208 227 213 245 157 136 130  85  65  56  51  43
  48  46  46  44  40  43  48  43  41  46  43  49  40  35  41  44
  44  53  48  53  50  52  64  57 102 134 186 208 213 229 194 206
 216 221 214 215 194 181 217 224 199 207 137 101  98  47  46  56
  57  57  60  57  62  65  63  54  86  81 159 168 215 234 229 207
 200 208 218 231 210 199 201 202 210 210 173 144 122  99  71  64
  66  68  61  67  65  58  60  56  61  63 113 112 189 212 209 228
 196 215 216 215 232 210 180 196 218 230 200 211 132 100  88  67
  61  63  58  53  53  49  55  54  67  60  99 127 161 180 223 225
 226 183 199 214 223 219 210 189 207 214 221 211 167 140  85  45
  58  53  57  53  54  47  51  52  45  42  44  46  49  45  51  43
  51  50  47  48  48  51  50  47  57  67  62  90 121 152 187 195
 213 213 208 197 210 212 232 230 208 211 219 218 228 217 206 212
 220 221 226 213 213 211 220 234 212 210 221 217 221 224 214 210
 221 224 217 215 211 217 227 217 220 210 203 201 220 227 164 161
  95  62  62  60  46  46  57  52  45  42  47  47  45  38  45  47
  42  42  34  33  33  35  37  30  34  34  33  35  31  28  25  27
  31  33  31  30  32  31  34  35  34  32  33  37  36  37  36  31
  34  38  38  43  39  35  49  44  43  49  53  36  58  68  69 127
 145 182 211 196 208 200 202 210 221 217 218 223 203 207 221 188
 163 144 103  52  62  67  59  57  58  58  62  68  59  50  88 100
 116 167 217 208 216 215 216 201 212 215 215 204 201 203 210 197
 187 141 110 104  67  63  57  51  49  56  55  51  44  39  43  47
  45  43  46  42  45  35  43  43  55  62  51  60  61  57  62  60
  97 127 163 182 198 210 219 217 211 205 215 205 224 214 210 218
 213 210 216 207 197 213 214 212 210 214 205 208 213 210 222 202
 221 177 180 151 125 109  75  73  63  63  59  65  64  62  62  63
  67  75 109 182 184 220 209 204 208 209 210 212 218 204 214 222
 215 214 221 211 204 211 211 221 217 211 213 206 196 207 204 204
 205 205 221 181 160 133 104  65  74  71  65  61  66  65  67  66
  67  63  75  75 153 194 203 198 199 205 209 221 204 205 211 203
 205 220 201 209 220 213 212 218 201 207 206 212 206 196 203 204
 200 204 203 210 205 163 122  95  69  67  64  60  54  50  52  53
  52  48  48  54  47  46  52  45  46  52  55  54  54  54  51  56
  57  55  51  46  67  74 141 186 195 205 190 197 208 212 215 208
 194 200 211 223 205 200 213 208 215 225 205 185 203 202 211 204
 193 200 200 204 205 213 207 163 144  97  90  62  57  63  63  62
  58  58  60  58  55  50  50  72 146 170 174 189 180 195 207 208
 197 192 184 186 203 216 196 220 188 130 126  91  72  57  50  52
  50  51  55  41  42  54  49  46  44  44  50  46  44  50  48  56
  44  43  57  55  57  44  51  51  54  63 135 180 172 216 185 181
 197 205 209 205 170 188 205 213 192 187 173 199 209 225 193 172
 190 219 215 224 186 181 196 214 216 206 175 184 206 207 206 194
 180 189 214 220 196 188 186 189 198 212 177 173 164 125 104  63
  68  64  60  67  56  49  51  57  56  58  57  82 108 141 191 208
 181 157 172 176 209 208 179 164 181 189 187 191 160 175 123  79
  85  60  53  55  47  54  44  47  46  47  48  44  40  41  41  47
  43  42  42  45  41  39  43  44  46  46  53  64  54  66 116 148
 186 198 177 167 171 190 206 186 174 167 155 186 209 184 160 161
 183 197 191 187 162 167 188 192 187 186 174 156 201 200 173 136
 163 192 184 193 162 153 172 178 189 193 158 168 201 196 174 148
 141 114 119  90  63  48  60  57  55  55  63  62  57  41  66  75
  97 118 161 173 161 167 142 158 182 197 171 159 166 178 195 205
 164 125 127  77  85 100  99 103 134 174 166 188 152 175 202 184
 179 143 157 170 184 187 159 138 163 188 176 168 157 130 181 187
 177 166 151 146 185 169 168 165 149 162 196 173 167 166 171 183
 179 160 160 161 177 172 163 160 157 169 177 178 160 156 172 160
 177 163 162 153 170 174 170 175 150 155 187 159 163 143 147 164
 174 160 147 137 132 177 188 162 145 148 170 176 172 160 145 150
 169 171 167 150 161 162 169 180 156 149 171 178 160 157 150 152
 174 162 166 152 149 161 165 160 150 135 157 164 162 160 150 153
 157 170 157 145 145 152 182 168 148 155 162 162 164 163 130 132
 164 163 150 148 151 150 160 148 151 141 147 153 159 146 129 147
 157 166 164 137 140 150 156 163 146 131 141 140 150 166 126 134
 143 154 144 132 133 139 157 149 144 142 141 141 147 133 134 134
 142 157 136 135 143 140 158 152 127 120 133 148 135 137 125 115
 139 150 128 121 138 146 150 141 130 130 136 140 138 130 122 128
 137 136 129 118 113 128 131 127 117 127 131 134 132 127 128 125
 136 137 123 114 120 135 137 131 114 118 128 124 125 113 122 130
 126 121 116 125 124 136 125 114 114 118 119 112 121 119 114
.
 155 150 139 141 140 145 151 148 150 146 151 144 141 149 148 128
 148 149 152 147 148 156 154 152 144 139 143 142 141 143 151 168
 161 151 148 147 141 142 148 151 159 150 151 148 143 148 151 151
 155 162 163 152 155 149 146 149 152 151 144 152 150 150 145 143
 158 163 158 155 149 148 145 153 155 148 147 153 162 165 170 166
 160 161 161 161 160 159 159 158 152 153 159 162 158 155 154 154
 149 174 168 169 154 153 159 152 145 150 152 155 156 158 153 157
 164 166 176 160 162 147 149 152 153 157 158 158 156 157 158 151
 146 145 135 120  85  64  40  35  38  40  44  46  51  44  53  58
  78  63 110 130 141 142 171 162 155 148 149 156 156 158 151 152
 149 146 134 122 117  61  43  27  34  33  46  49  45  43  42  59
  67  93 115 121 158 154 170 169 169 162 149 158 168 166 152 166
 168 171 168 168 178 177 173 170 166 165 167 165 168 156 152 159
 168 181 176 183 182 181 175 168 172 168 169 168 165 163 158 136
 150 158 176 193 198 187 175 177 172 172 172 151 155 154 170 162
 143 145 138 126 113  81  68  52  29  30  36  39  47  39  36  51
  76  65  85 144 133 152 165 165 182 173 165 166 166 168 151 157
 146 146 157 149 142 109  86  49  48  41  40  36  39  29  39  43
  50  54  75 139 145 158 167 183 197 204 182 170 160 163 174 167
 147 161 142 144 129 112  83  49  35  35  36  39  33  34  35  25
  35  29  27  25  26  32  40  28  28  29  30  31  32  31  38  40
  45  46  48  87 126 157 158 183 173 184 188 186 186 184 185 190
 173 165 156 171 170 172 189 194 203 197 204 201 191 185 182 172
 183 167 152 156 134 116  99  82  61  34  30  31  33  35  35  34
  37  33  30  30  33  30  24  42  37  37  32  37  45  37  30  32
  47  50  65  64 100 119 150 176 175 199 203 197 208 204 207 187
 209 194 147 163 182 176 160 161 197 194 194 199 197 198 190 199
 195 179 179 173 128 156 120  92  68  35  35  33  33  33  25  30
  31  36  34  38  34  33  30  30  28  32  34  32  36  35  31  37
  35  37  23  56  97 129 142 151 159 182 195 214 205 203 207 205
 205 195 203 181 144 148 115 101  72  56  27  38  42  40  34  36
  30  31  34  39  34  28  30  28  29  29  31  32  30  30  32  30
  32  37  49  59  60 110 122 145 154 174 188 183 187 188 215 207
 195 209 215 193 172 154 137  99  93  70  45  40  41  47  44  46
  44  43  47  54  69  97 124 167 155 160 173 176 201 192 184 211
 199 201 225 218 191 190 196 197 159 167 175 173 183 183 214 208
 198 219 229 215 187 174 172 131 116  88  40  39  44  41  32  37
  37  35  37  31  26  30  25  25  23  29  27  28  27  25  24  27
  30  30  31  32  33  34  33  31  28  30  29  33  37  36  35  36
  36  36  30  43  47  68 112 134 166 165 171 181 180 178 176 178
 193 202 211 213 220 218 200 161 149 108  82  58  53  46  45  47
  48  47  34  51  50  90  97 130 145 177 196 175 195 195 192 194
 204 192 191 203 225 220 216 200 207 213 182 176 178 190 186 188
 200 193 189 210 208 193 213 174 199 135 111  52  49  49  36  42
  41  39  38  40  40  31  29  34  32  33  33  38  33  38  34  34
  33  32  35  39  34  32  31  35  30  34  37  35  35  42  47  40
  34  38  45  41  43  39  67  82 127 143 225 205 195 184 180 197
 208 214 204 212 214 203 197 194 237 223 215 218 212 199 188 173
 177 199 179 182 201 201 204 213 175 188 152 106  63  61  62  48
  45  48  47  45  40  39  38  39  37  43  42  37  37  39  45  41
  39  44  40  36  38  63  57  49  94 132 180 169 190 206 176 185
 204 205 192 189 204 209 211 204 198 182 202 135 109  53  48  46
  45  43  42  42  35  36  44  40  39  40  43  44  40  38  42  44
  46  46  45  50  48  49  39  43  69  94 135 163 216 221 217 218
 217 206 206 205 196 194 194 201 199 194 173 166 130 123  54  60
  54  57  59  57  59  67  47  58  64  73  99 148 182 200 214 234
 211 216 198 219 227 200 192 199 207 206 204 175 109 103 109  52
  41  62  61  57  62  62  58  58  47  56  82 105 150 194 208 212
 229 222 214 210 206 214 199 183 184 213 197 183 163 145 105  90
  68  65  63  61  56  58  51  56  63  60  63  85 132 172 215 212
 228 223 217 215 221 216 211 208 189 197 220 212 193 146 122  79
  74  56  62  61  60  50  50  52  48  53  53  49  44  42  46  48
  47  44  47  47  45  49  61  62  53  58  67  67  96 104 153 181
 223 224 219 212 210 219 231 218 212 204 199 214 218 213 210 209
 223 224 214 226 215 218 234 230 215 201 191 204 217 211 201 200
 211 221 229 219 215 217 231 234 208 204 196 204 209 205 205 170
 131  87  67  62  51  55  59  56  54  52  48  43  40  44  44  43
  41  39  45  42  45  49  40  34  34  36  38  38  35  38  36  29
  29  31  33  33  33  40  30  36  39  41  39  40  40  37  35  35
  32  33  41  43  46  53  48  46  50  49  44  43  47  50  55  72
 115 134 165 203 201 209 211 214 216 234 235 231 209 209 214 207
 220 188 139 119  74  89  66  62  62  60  59  59  61  59  64  46
  84  96 132 167 212 213 210 207 195 208 228 221 220 213 208 208
 206 201 178 140 126  87  63  62  55  59  63  64  55  55  51  52
  47  49  48  46  45  53  58  57  58  56  58  58  58  60  64  63
  66  55 106 107 151 202 204 210 199 198 221 225 227 220 213 220
 220 225 230 215 206 204 212 216 213 204 208 224 238 228 218 224
 220 232 213 218 194 150 130 114  83  85  78  77  74  72  70  73
  67  76  63  64 106 134 154 197 214 208 217 220 223 230 235 215
 215 213 218 221 225 214 197 200 212 216 218 206 215 226 230 221
 222 218 218 229 225 217 214 161 124 117  79  79  78  80  77  76
  72  70  77  73  73  92 109 126 171 191 208 205 202 206 205 214
 225 222 213 215 223 228 215 210 205 197 210 214 208 204 202 214
 212 219 214 212 217 222 233 232 192 146 119 111  69  74  68  67
  66  66  58  62  62  61  55  58  62  58  58  61  57  61  50  53
  59  57  55  53  53  63  58  65  72  99 139 184 195 209 205 199
 205 207 222 221 215 204 201 214 219 207 209 200 210 217 202 194
 187 202 201 218 241 227 221 220 223 224 221 188 149 119 112 107
  61  73  74  73  64  63  71  72  65  72  74  87 112 151 193 190
 208 197 147 163 186 221 216 194 211 222 242 218 223 189 139 100
  92  80  60  61  59  61  53  54  54  52  57  57  59  61  58  59
  62  56  54  57  57  59  55  57  56  59  54  72  65  59  94 124
 192 225 213 200 189 183 182 201 207 205 201 203 211 220 221 220
 209 209 231 236 205 197 195 192 203 204 217 207 205 217 208 223
 228 218 215 226 242 239 167 184 193 198 207 197 200 199 206 247
 225 244 168 145 110  90  60  71  70  70  74  64  59  60  62  68
  66 100  98 156 167 187 216 217 200 202 183 191 193 189 157 155
 201 208 217 229 180 149 126  79  64  68  63  67  59  62  57  54
  60  59  54  53  58  51  57  57  57  56  56  59  60  60  62  63
  68  69  53  71  81  94 122 165 222 224 218 207 197 206 204 204
 199 169 159 199 209 205 252 236 221 223 230 227 208 206 204 201
 205 206 179 179 192 207 210 209 229 230 232 232 227 220 200 193
 195 185 195 197 183 188 196 210 204 194 169 140 104 102  86  82
  81  73  69  67  66  75  75  77  78  83  98 137 197 208 233 228
 212 205 197 201 196 182 186 194 190 197 190 199 150 148 123 102
  75  80  77  73  82  79  74  73  71  75  79  77 108 130 153 210
 213 223 222 215 215 225 182 196 201 189 183 181 200 209 205 192
 206 222 237 229 210 213 222 226 201 203 198 189 190 202 204 183
 170 222 230 229 231 224 213 221 217 206 179 194 199 185 209 196
 193 191 203 230 231 227 216 215 221 217 236 234 172 182 194 208
 202 188 186 186 199 231 224 211 217 227 236 211 223 211 175 169
 179 180 189 186 186 191 209 220 192 181 213 214 217 213 216 213
 186 184 183 185 186 180 208 213 214 209 198 203 231 230 221 215
 212 209 189 186 173 192 198 192 208 215 218 217 208 204 228 225
 228 200 201 217 193 182 173 163 179 186 220 214 205 212 218 221
 233 233 224 194 196 205 187 178 170 183 178 189 225 200 183 209
 203 203 210 197 187 211 193 186 176 184 175 188 183 190 211 205
 195 204 207 202 203 201 203 195 197 194 178 168 170 191 196 200
 199 211 220 216 209 201 199 196 201 195 200 195 190 163 155 189
 187 187 196 199 204 205 209 208 192 190 187 192 201 185 171 173
 159 189 192 180 219 218 229 212 213 200 190 202 210 184 182 189

.
