
# dir=4

 158 158 159 160 160 160 161 161 158 159 159 159 160 160 160 161
 161 161 160 159 158 157 155 155 158 158 159 159 158 158 159 158
 158 158 158 158 158 158 158 158 157 157 157 156 155 154 152 151
 157 157 158 158 159 159 159 159 160 159 159 158 157 156 155 155
 157 158 158 158 158 157 157 156 155 155 156 156 156 156 156 156
 161 161 161 161 160 158 157 156 156 156 156 157 158 158 158 159
 158 158 158 158 158 158 159 159 161 161 159 159 158 158 157 157
 155 155 156 157 158 159 159 160 159 159 160 160 160 160 159 159
 158 156 155 155 158 158 156 154 157 157 157 157 157 157 157 157
 154 154 155 156 156 155 154 154 155 155 154 154 154 155 156 157
 158 158 156 155 155 155 156 156 158 157 156 155 156 157 159 160
 160 160 159 159 158 158 157 157 157 157 157 156 156 155 154 154
 156 156 156 156 156 156 156 156 157 158 157 156 157 155 154 153
 155 156 156 154 153 154 158 161 159 156 154 154 155 156 155 153
 156 155 154 153 154 157 159 161 153 153 154 155 155 154 155 153
 152 154 151 144 142 129  91  48  54  52  50  50  52  55  58  60
  59  75  81 136 147 152 146 142 140 131  67  45  67  63  64  74
 109 155 157 157 166 157 156 154 157 155 152 146 142 136  60  58
  65  57  67  69 102 146 152 157 156 157 158 159 160 160 160 159
 157 158 157 157 157 158 158 158 162 167 159 160 147 141 144 118
  58  57  57  53  67  67 125 153 158 159 157 157 156 153 152 150
 150 150 139 133  46  53  51  51  42  49  55  55  50  43  41  42
  44  44  43  43  43  43  44  45  50  52  48  53  65  71  94 131
 156 149 147 133 129  62  40  56  54  69  68 100 137 145 157 156
 159 155 151 149 149 150 150 149 137  98  47  55  58  65  56  81
 144 160 161 157 161 158 153 157 153 152 150 149 143 119  36  49
  45  45  46  50  52  53  53  54  59  54  64 105 152 163 156 158
 158 157 158 158 159 159 160 160 159 155 156 162 163 158 156 161
 164 147 170 154 161 137  96  47  51  68  51  69  61 137 150 151
 152 149 152 148  95  50  60  54  51  59  73 141 149 154 154 151
 157 152  81  41  52  49  51  58  53  55  59  52  59  58  62 109
 155 157 158 159 161 161 159 159 162 162 153 152 145  98  60  64
  56  62  59  77 127 149 149 158 161 159 158 159 161 164 164 163
 163 161 160 161 162 163 162 161 158 164 166 160 153 148 145 142
  64  55  61  57  56  63  93 159 157 158 157 157 157 157 158 157
 157 156 150 156 114  49  42  56  51  50  49  50  52  55  57  59
  46  73 147 155 158 149 152 150 149  84  44  49  55  50  51  53
  52  51  50  48  48  47  47  47  48  54  57  54  72 122 158 154
 161 160 160 159 158 157 156 156 152 160 141  61  56  57  57  67
  60  65 148 155 157 159 158 160 163 162 164 163 164 163 162 162
 161 161 161 161 160 159 159 159 158 159 158 163 147 129  62  49
  54  54  54  54  54  54  54  53  52  53  52 101 152 160 161 157
 161 162 162 162 160 157 156 153 163 117  59  47  48  66  44  56
  98 154 152 157 164 156 158 123  51  51  66  54  59  52  98 134
 144 147 153 157 160 160 159 158 163 153 153 151 128  55  49  48
  55  53  43  95 155 156 154 160 157 159 142  60  45  50  55  53
  50  52  53  49  49  55  60  61  81 140 161 163 159 155 163 157
 160 160 160 160 159 159 159 159 162 159 154 151 150 152 155 158
 162 157 150 155 156  75  50  52  48  45  42  41  41  41  39  38
  41  41  39  38  38  38  39  39  40  41  42  44  46  47  49  49
  52 140 150 146 156 158 157 120  39  43  44  41  42  46  46  42
  41  40  40  40  41  44  46  48  47  50  43  44  71 150 159 163
 157 161 162 162  72  33  43  47  54  49  37 124 157 153 154 148
 160 140  50  48  54  53  51  47  72 162 154 159 156 158 161 157
 164 156 160 149 151 147 135  44  46  46  46  46  46  46  46  46
  43  45  46  46  32 106 155 153 151 161 153 170  56  53  34  49
  41  42  42  42  42  41  40  39  42  44  46  46  44  43  43  44
  50 109 148 150 154 160 159 156 160 157 162 155 161 154 160 105
  42  51  45  55  45  33  95 167 151 154 155 152 156 155  64  42
  46  43  41  41  42  42  40  38  41  41  41  40  40  39  39  39
  38  39  40  39  38  39  41  43  51  54 143 151 147 153 157 151
 157 156 158 159 156 152 156 164  96  43  54  46  48  59  42  88
 152 154 156 158 160 160 161 161 163 161 149 153 161 111  49  52
  44  50  61  29 104 152 147 156 153 157 161 158 152 149 150 154
 151 150 144  53  39  53  47  48  41  46  48  47  46  45  37  29
 100 159 166 158 161 157 161 159 159 160 162 162 161 159 156 154
 155 160 162 159 156 157 156 153 148 163 155 145 170  94  38  51
  48  45  45  43 126 159 148 148 147 163 128  40  51  50  37  51
  35  80 120 149 159 155 155 145 151  92  39  48  37  45  40  46
  42  41  46  49  44  43  30 117 152 151 150 152 155 157 157 156
 146 165 144 160 150  72  43  55  49  48  48  43 121 152 148 156
 157 158 159 160 160 160 159 159 158 157 158 159 161 160 156 153
 155 158 161 161 157 155 156 158 148  60  39  56  53  43  45  69
 140 147 151 152 154 158 158 154 156 156 157 157 157 158 158 157
 157 157 156 156 157 158 159 159 149 155 153 146  97  50  51  47
  30  50  47  85 140 153 156 154 148 152 156 158 157 154 151 150
 158 103  39  37  44  34  39  36  41  41  41  39  34  42  36 123
 151 143 151 154 151 154 121  57  48  42  41  44  31  70 139 143
 149 151 152 153 153 151 149 148 151 153 152 129  51  48  49  36
  35  34  34  34  35  37  38  39  29  77 146 137 147 153 154 146
 148 154 149 155 149 146 147 117  47  34  34  39  35  34  35  30
  34  31  29  31  35  38  36  34  45  41  33  32  47 128 146 147
 150 151 150  91  41  44  43  41  43  36 104 153 149 151 152 151
 151 153 154 154 153 153 155 157 152 153 154 155 155 153 151 150
 149 158 153 153 154 160 128  37  52  40  38  44  33  69 137 145
 151 149 153 158 146  66  47  45  40  38  35  33  33  34  35  37
  39  27  70 134 152 151 156 156 150 149 153 153 151 147 152 162
 109  59  45  42  50  33  23  97 131 145 144 143 152 154 150 152
 151 153 153 155 155 155 153 153 145 150 145 136  89  43  43  38
  31  30  31  33  34  33  29  26  29  29  29  29  29  29  29  29
  27  33  32  33  37  33  31  44 120 145 146 144 146 156 141  79
  47  51  40  35  37  40 122 141 150 148 150 156 146  97  53  42
  40  26  33  40 110 136 141 158 145 146 148 150 152 152 151 151
 144 138  90  44  42  43  35  40  34  34  36  29  33  29  34  87
 144 143 141 143 147 150 152 150 156 155 157 142 145  83  50  48
  40  34  31  33  33  30  28  28  32  32  32  32  34  35  35  35
  31  34  89 127 141 159 152 138 111  52  49  44  39  34  35  90
 131 141 149 148 147 149 150 149 149 151 146 147 139 100  57  44
  40  37  34  33  34  33  31  29  25  26  27  29  30  30  29  29
  34  33  32  34  34  35  32  30  68 125 137 142 155 150 151 147
 152 148 146 151 142 146  91  66  54  43  39  33  42  95 139 134
 141 144 144 125  90  59  48  52  39  39  37  38  37  36  36  35
  27  69 115 137 141 145 148 147 150 150 152 151 152 153 154 154
 153 152 152 152 151 150 151 150 145 155 153 141 124  88  59  50
  46  36  35  69 117 136 136 144 145 145 148 150 151 150 148 146
 139 100  66  54  43  31  38  58 120 138 139 141 143 147 134  77
  61  50  42  39  36  31  31  32  31  32  32  32  32  31  31  30
  21  33  76 123 138 137 136 132 139 106  68  48  42  37  32  28
  26  26  25  25  25  27  29  30  27  27  28  28  28  28  28  28
  32  28  30  34  81 131 131 132 137 145 139  84  50  54  42  36
  35  42  98 129 133 147 135 118  88  60  46  43  37  34  37  34
  27  29  34  25  36  51 117 129 131 135 142 146 147 146 146 146
 145 146 148 149 149 148 146 145 139 113  62  54  58  41  41  40
  36  33  31  32  32  32  31  29  32  25  29  31  29  55 104 135
 135 138 144 128  88  60  51  43  46  35  83 113 129 141 136 152
 140 100  66  59  55  43  37  42  37  39  37  37  34  31  64 117
 129 134 141 146 148 148 148 149 147 149 149 149 150 150 150 150
 149 149 149 148 148 148 147 147 146 147 148 150 151 151 151 151
 153 151 149 148 147 148 149 150 147 148 150 152 152 150 148 146
 150 149 149 149 148 148 146 146 147 147 148 148 148 148 148 148
 147 147 147 146 145 145 144 144 150 150 150 150 149 149 149 148
 147 150 151 149 145 143 145 147 146 146 146 146 146 146 145 145
 145 146 147 147 147 147 146 145 145 145 145 146 146 147 147 147
 148 147 145 144 143 144 145 146 145 145 146 146 146 147 147 147
 150 149 149 149 148 147 146 146 150 150 150 149 148 148 149 148
 146 147 149 149 149 149 149 149 148 148 149 148 148 147 146 144
 147 146 147 146 146 145 146 146 147 147 147 144 144 145 145 147
 144 144 145 146 146 145 144 144 143 143 143 144 144 144 144 144

.
