158 2  6 112 114 111 103 46 109
158 3  6 109 99 112 108 46 104
145 4 112 114 111 103 83 4 84 0 83 5 84 0 157 2 7 151 2 3 116 114 121 160 3 72 7 120
3 3 157 2 8 10 4 60 5 45 71 8 61 4 94 81 82 6 72 8 157 2 10 161
1 157 2 10 10 3 10 4 44 10 5 44 24 60 5 40 16 6 157 2 11 10 6 71
11 72 10 161 1 157 2 12 10 6 21 10 6 40 16 7 157 2 13 10 6 10 7
43 16 6 157 2 14 73 11 10 3 10 7 44 1 1 35 10 4 10 7 44 10 5 10
7 44 1 1 36 18 2 30 8 73 7 10 6 70 10 72 11 82 6 73 6 72 9 1 0
104 1 72 6 124 153 83 13 85 84 85 104 85 101 85 114 85 101 85 32
85 97 85 114 85 101 85 32 85 37 85 55 85 100 85 32 85 115 85 111
85 108 85 117 85 116 85 105 85 111 85 110 85 115 85 32 85 116 85
111 85 32 85 37 85 50 85 100 85 45 85 113 85 117 85 101 85 101
85 110 85 115 85 32 85 112 85 114 85 111 85 98 85 108 85 101 85
109 85 10 85 0 157 2 18 151 3 5 115 116 97 114 116 160 0 72 14
120 0 3 157 2 18 157 2 19 1 1 62 5 157 2 20 161 1 1 1 16 3 72 16
157 2 21 1 0 62 4 157 2 22 73 7 1 0 1 0 1 0 18 2 30 4 157 2 23
73 7 61 13 60 4 10 3 11 70 30 4 157 2 25 1 2 60 5 37 1 1 42 62
5 10 3 1 1 42 16 3 10 3 1 14 47 70 16 72 17 73 3 82 12 72 15 1
0 104 1 72 12 124 153 150 1 1 3 146 
